47.895
46.395
47.47
47.665
47.785
47.69
47.47
48.095
47.59
46.175
42.745
43.795
43.75
41.96
41.805
40.36
40.785
40.705
41.91
42.555
42.425
42.33
42.5
43.62
44.33
44.81
44.11
44.325
44.75
46.36
46.73
46.315
45.3
46.3
46.77
44.935
46.34
53.31
53.51
54.21
53.47
54.41
54.96
53.86
53.86
57.22
56.72
56.46
56.82
55.31
55.39
55.1
55.01
55.51
54.28
55.22
56.27
55.49
55.54
55.03
56.54
57.54
57.73
57.98
56.33
56.66
57.97
57.07
57.27
56.96
57.62
57.94
57.75
56.58
55.97
55.93
56.14
57.05
58.47
56.24
56.58
58.49
58.9
59.25
60.69
61.65
60.68
62.44
62.25
63
63.02
64.02
64
64.5
63.7
63.34
63.29
63.75
67.06
66.68
