405
398.5
403
399.1
409.45
404.5
412.2
408.6
408.95
413.15
409.1
404.25
397
397.45
401.1
385
388.15
375.7
367.6
371.8
371.75
375.05
374.95
373.9
373.25
382.75
391.5
391.3
385.6
387.65
385.65
385.5
382.2
383.5
393.7
399.1
403.95
400
394.85
392.2
396.1
402
406.1
404
407.3
405.15
403
404.75
415.1
420.65
420
426.95
422
416.15
395.05
390.7
400.7
401.5
399.9
405.3
410.05
399.75
409.1
410
412.4
410.6
410.4
407.6
414.95
418.8
417.2
411.75
402.5
432.1
432
428
427
427.85
427.5
421.35
418.4
402.3
403.85
402.9
406.1
409.4
422.1
435.9
435.3
468.2
474.35
487.45
473.45
469.5
477.4
475.55
485.85
488.35
492.3
492.05
