49.91
49.63
50.8
50.6
50.32
51.24
50.54
48.98
49.85
49.82
47.46
47.18
45.84
45.86
47
47.62
46.75
47.45
46.38
46.97
47.13
46.23
45.78
46.19
46.4
46
46.3
43.94
44.05
44.81
44.87
44.22
42.05
42.46
42.34
42.22
41.69
40.97
40.71
40.18
42.76
42.76
43.98
43.6
43.46
43.25
44.08
44.44
43.75
44.41
44.25
44.74
44.78
45.22
44.94
43.67
43.68
43.39
42.45
42.35
45.63
45.03
44.23
43.71
43.75
44.24
43.72
46.83
44.6
44.4
44.19
43.7
42.98
42.5
43.65
43.65
43.3
42.23
41.33
39.87
39.86
39.84
40.12
40.8
40.58
41.14
39.86
39.1
39.64
39.13
38.11
37.4
37.4
37.55
37.22
35.66
35.31
35.49
34.23
33.02
