57.55
57.9
57.57
57.2
58.36
58.28
57.97
57.9
58.05
56.85
56.09
56.3
56
57.25
56.91
57.02
57.74
55.52
54.88
55.24
56.21
56.56
57.27
55.58
56.12
56.7
57.24
53.08
47.725
47.535
46.73
46.485
44.95
44.58
45.41
45.28
47.06
47.78
48.485
47.085
46.9
48.4
47.5
47.435
46.73
49.12
49.455
50.93
50.52
50.44
49.68
48.88
46.745
45.855
45.78
46.285
46.32
46.795
45.065
44.775
45.615
46.185
46.075
48.645
48.965
48.36
47.915
47.73
47.675
48.575
47.585
48.75
49.165
50.09
49.96
48.445
48.765
49.605
50.18
49.94
48.84
48.5
47.07
47.735
48.91
47.825
47.34
47.825
47.945
48.275
47.995
46.305
45.67
46.065
47.19
47.29
46.24
46.24
48.51
47.88
