173.68
175
177.36
177.3
182
176.38
176.64
182
179.48
180.6
167.7
168.36
166.4
161.08
160.1
154.78
158.5
153.48
161.72
162
166
167.12
167.44
167.06
167.56
171.46
171.08
172.42
174.64
175.14
174.34
173.1
171.04
173.9
171.74
172.12
174.3
171.38
170.94
172.08
169.02
167.98
169.54
168.7
166
171.36
172.66
174.36
173.16
172.64
169.04
172.22
173.6
169.98
174.74
171.14
176.9
182.22
178.68
178.6
179.98
178.5
176.58
175
174.66
173.14
171.08
167.98
165.62
168.86
165.82
168.52
169.06
171.6
167.12
166.6
165
165
162.48
162.54
161
164.6
166.14
169.46
166.7
169.4
172.96
170.34
172.62
173.34
168.82
169
172
167.3
172
169.16
168
170.5
176
174.62
