65.22
64.68
66.34
66.16
65.37
63.64
62.7
60.56
60.56
61.54
59.35
60.73
62.31
62.05
61.75
60.66
60.03
60.13
60.9
61.68
63.25
63.1
62.62
63.63
66.33
67.96
67.18
66.93
66.58
67.23
66.89
66.81
66.58
64.51
64.09
63.52
63.28
63.64
64.24
66
64.96
65.25
65.47
66.66
65.27
66.91
68.11
69.22
69.25
68.77
68.47
68.17
66.67
66.91
66.97
67.81
67.54
66.18
67.26
66.88
67.48
66.45
67.15
67.6
65.94
66.22
66.76
66.21
65.94
65.89
66.49
67.35
67.14
66.27
64.97
64.68
64.53
65.65
65.05
64.76
65.94
66.01
66.77
66.09
66.07
65.25
64.65
64.06
64.1
65.99
65.71
65.47
64.66
64.91
63.73
62.54
63.64
62.02
62.1
62.59
