1484.2
1476
1476.6
1490.8
1504.4
1479.4
1481
1488
1466.8
1515.8
1475.6
1496
1505
1411.2
1418.6
1397.4
1333.4
1296.2
1338.8
1341
1372.8
1347.6
1342.8
1288.6
1315.2
1337
1334.2
1335.6
1348.2
1317
1273.2
1254.6
1225.8
1241.4
1254.8
1245.4
1270
1259.2
1245.8
1249.4
1229.6
1226
1226.8
1228.4
1201.4
1230.4
1259
1291.8
1301
1292
1263.8
1313.8
1315.6
1302.4
1332.6
1324
1374.6
1410.2
1391
1362.4
1370
1373.4
1368.8
1356
1343.2
1341.2
1315
1320
1285.2
1284
1276.4
1292.6
1273
1272.4
1266
1272.8
1260
1249.8
1248.2
1257.8
1240.6
1297
1286.6
1291
1296.2
1293
1310
1348
1362.4
1360.6
1317.8
1317
1322.2
1321
1379.8
1348.4
1338.8
1328
1335
1327.8
