94.24
92.8
94.95
96.61
96.27
94.92
94.99
95.46
93.01
92.86
96.64
96.7
96.34
94.11
92.02
89.72
90.43
89.98
92.11
91.99
91.57
92.05
89.11
91.96
93
93.43
91.86
93.22
93.22
94.24
92.62
92.26
91.66
91.3
91.89
91.39
93.34
91.88
90.02
89.54
88
87.65
88.74
88.89
89.74
90.73
90.05
90.24
90.13
89.27
88.63
88.14
87
88.64
86.79
90.77
91.54
89.08
91.45
92.62
93.62
86.28
87.04
85.84
85.96
84.87
84.88
84.26
84.85
83.93
85.22
85.49
84.69
85.79
86.73
84.89
85.17
85.24
85.78
84.36
85.77
86.43
85.12
84.52
85.48
87.39
85.56
85.78
87.09
86.41
83.75
84.3
81.43
83.79
81.71
81.83
80.98
82.27
82.21
81.26
