299.3
293.6
293.5
287.5
289.9
295
290.4
290.2
287.5
283.3
287.6
285
280.6
279.8
275.3
273.8
267.8
272.8
267.3
271.2
274.7
273.6
279.2
280
280.5
282
284.2
277.6
275.1
270
274
279.3
281.5
298.8
277.4
275.1
269.3
267.1
260
255
258.8
257
272.9
274
281.8
282.1
274.5
281.6
284.1
284
277
284.8
286.5
286.3
282.5
277.3
277.1
276.2
273.5
276.9
278.9
276.1
281.2
283.7
278.5
278
283.8
271.8
271.2
279.6
279.5
282.9
279
275.8
273.3
272
260
263.1
262.7
266
266.5
255
254.6
253
255.6
257.3
256.3
259
258.5
260
261.6
267.5
268.6
265.9
268.2
263.7
263.3
253.8
249.4
244.3
