108.5
107.4
106.7
107.5
106.9
109.2
107.3
107.4
105.5
108
108.4
109.8
109.3
112.8
111.5
111.4
109.5
111
111.5
111.8
111.5
111.3
109.8
110.8
115.8
118.9
116.9
116.6
115.9
117.9
117.9
116.3
117.4
114.3
119.6
114.8
115.3
114.3
110.4
108.8
110.9
109.5
112.6
115.8
116.2
118.7
121.8
120.6
121.9
123
121.9
118.7
122.4
119
120.8
115.8
114
112.3
111.6
110.3
109.3
109.3
108
108.9
107
104.3
103.4
101.9
100.3
98.5
101.4
100.4
96.9
92.85
92.5
92.9
94.55
95
95.7
93.5
94.4
98.6
94.65
94.4
95.3
94.8
95.4
94.5
93.5
91.9
92.15
91.65
91
91.9
91.85
92.85
92.65
90.75
94.55
92.95
