136.85
139.55
138.9
138.95
138.3
137.8
139.15
140.15
141.75
141.25
142.1
138
137.1
134.9
132.05
129.15
125.55
125.85
125.2
129.5
131.35
133.4
130.05
130.65
131.35
133.85
134.7
131.9
134.8
135.65
135.55
133.4
133.3
132.75
132.35
133.6
134.85
135.2
135.3
137.55
137.15
133
135.4
136.8
135.9
135.55
140.1
139.7
141.15
141.45
141.95
141.95
142.2
139.85
140.9
138.9
140.4
142
139.55
139.05
139.75
138.8
142.1
140.55
141.45
138.25
139.8
141
139.9
141.25
139.75
141.25
142.5
140.35
139
140.3
139.5
141.4
142.25
142.4
140.35
140
140.45
141.3
140
139.3
141.1
140.15
139.4
139.9
139.05
139.8
137.5
135.7
138.55
134.55
133.85
132.95
132.85
131.7
