90.73
91.27
91.95
92.2
93.7
93.54
94.76
95.16
96.26
94.7
91.4
89.43
87.8
90.07
89.87
91.61
93.4
90.23
88.6
89.41
89.94
90.09
90
85.61
84.63
86.97
87.9
82.73
69.88
70.38
68.65
66.28
63.08
62.54
61.45
61.67
63.89
65.76
68
64.44
64
66.91
66
64.28
61.71
62.1
63.62
65.92
66.85
66.88
66.72
67.82
65.84
64.6
64.84
62.12
62.46
62.4
59.95
59.65
61.72
62.5
64.01
68.74
71.07
70.74
69.4
71.24
68.78
69.2
70.8
73.73
69.93
71.41
72
69.45
69
71.49
72.07
70.22
71.62
72.03
69.13
69.12
70.19
69.21
71.52
71.85
73.25
74.85
76.12
71.97
69.23
68.29
68.05
65.62
63.7
62.09
63.25
62.29
