14.265
14.125
14.525
14.35
14.13
13.68
14.035
13.65
12.955
12.955
12.6
12.74
12.935
12.945
13.105
13.225
12.99
12.185
12.31
12.325
12.165
12.29
11.585
11.105
11
11.11
11.06
10.8
10.74
10.5
10.55
10.355
10.16
10.15
9.876
10.38
10.13
10.09
9.644
9.706
9.544
9.674
9.542
10.9
11.245
11.545
11.355
11.37
11.47
11.485
11.425
11.28
11.225
11.68
11.875
11.52
11.385
10.985
10.785
10.765
11.04
10.82
10.835
10.3
10.3
10.295
10.125
10.25
10.315
10.14
10.02
9.994
9.8
10.005
9.704
9.53
9.43
9.442
9.456
9.786
9.632
9.764
10.075
9.896
9.652
9.79
10.165
10.45
10.21
10.28
10.2
10.7
10.87
10.955
11.04
10.71
11.05
10.725
10.705
10.555
