191.98
191.16
197.12
197.26
195.22
196.76
198.58
198.52
199.12
199.98
197.66
198.14
199.06
199.2
199.42
196.6
195.4
194.84
198.8
198.06
194.5
190.94
188.16
190.46
192.52
186
168.06
166.94
164.12
161.68
155.06
151.06
150.46
151.9
156.66
160.54
163.42
161.32
161.92
163.62
164.48
163.7
162.24
167.02
166.52
169.84
168.14
167.68
166.64
169.02
166.52
162.8
162.18
163.62
164.88
166.84
161.98
164.38
163.06
165.58
168.82
178.46
179.36
181.8
182.8
182.58
183.02
183.16
179.52
182.02
178.68
181.8
183.5
182
181.52
185.72
184.06
185.1
185
183.92
179.22
180.96
184.38
181.2
180.72
182.02
183.58
186.26
184.7
179.24
177.72
177.9
180.68
181.54
181.24
176.22
176.64
184.7
184.42
183.4
