100.94
101.12
101.18
102.02
98.5
97.9
98.18
97.65
96.75
96.59
99.85
99.94
100.68
101
101.78
99.93
101.24
100.52
98.5
102.72
99.5
100.1
97.95
94.74
92.79
93.71
98.67
96.15
98.52
96.55
96.85
97.68
99.2
98.58
101.2
102.64
102.46
103.44
105.84
104.16
98.32
98.1
97.72
96.87
97.78
97.23
99.37
98.66
97.26
97.24
95.63
94.1
94.25
93.7
89.83
90.32
94.44
95.74
98.69
95.9
93.5
98.64
99.5
98.59
101.84
99.64
103.8
109.24
113.22
109.62
420.8
422
425.35
419.35
429.4
416
396.15
393
385.75
386.05
387.4
390.9
380.65
379.5
382.9
377.35
380.1
368.85
373.15
373.05
349.35
323
320.6
321.15
321.75
314.3
321.75
336.05
339.7
340.1
