19.66
19.56
19.87
19.51
19.4
20.5
20.9
20.6
20.56
20.26
20.34
20.56
21.28
21.36
21.52
21.7
21.4
21.14
20.92
20.5
20.44
19.95
20.52
20.24
19.71
19.01
18.95
18.64
18.66
18.8
17.73
17.66
17.33
17.35
16.93
14.87
15.41
15.04
15
14.83
14.79
14.99
15.25
16.14
16.77
16.75
16.43
16.68
17.08
16.94
17.07
16.93
16.92
16.92
17.5
17.71
17.97
17.89
18.16
17.06
16.61
16.62
17.15
16.84
17.07
16.57
16.83
17
16.75
16.85
17.5
17.57
17.5
17.32
17.76
17.48
17.94
18.04
18.24
17.97
17.94
18.01
18.35
18.75
19.18
19.07
19.17
18.9
18.76
18.25
18.32
18.46
18.27
18.58
19
18.65
18.93
18.71
18.7
18.39
