398
395.5
392.1
396.05
380.5
390.05
390.7
385.7
382.7
376.3
374
377.45
384.35
390
386.4
378
373.25
370.65
372
363.6
366.45
359.75
357
358.75
358
361.3
355.6
357.85
359
358.6
353.95
353.55
351.3
341.35
353.8
339.2
336.1
323.25
318.1
314.25
312.3
315
308.6
309.85
314.5
316.65
320.3
324.3
326.55
330
330.8
329.4
341.2
344.4
336.05
329.7
322.7
318.7
319
321.95
319.15
321.7
314.75
318.9
315.6
306.95
307.75
312.4
306.85
303
309.75
307
310.65
313.5
310.8
310
305.85
297.85
303.25
304.6
317.8
330.75
322.75
314.95
316.5
319.75
325.1
319.85
318.55
313.85
312.75
319
317.6
320.3
314.25
319.2
317.05
312.65
310
310
