6.168
6.072
6.12
5.962
5.89
5.968
6.072
6.1
6.162
6.188
6.162
6.156
6.294
6.12
6.248
6.098
5.978
5.932
5.918
5.818
6
6.04
5.932
5.85
5.548
5.49
5.524
5.59
5.516
5.568
5.198
5.17
5.362
5.236
4.74
4.211
4.24
4.239
4.222
4.169
4.117
4.049
3.933
4.162
4.264
4.43
4.313
4.297
4.518
4.473
4.379
4.524
4.48
4.557
4.629
4.596
4.601
4.452
4.567
4.44
4.299
4.323
4.29
4.2
4.326
4.117
4.222
4.159
4.3
4.251
4.339
4.688
4.9
4.843
4.85
4.865
4.944
4.818
4.811
4.702
4.712
4.72
4.655
4.582
4.674
4.629
4.971
4.871
5.148
5.16
5.088
4.927
5.018
5.092
5.104
5.104
5.14
5.194
5.2
5.17
