19.752
19.57
19.256
19.18
19.91
20.13
20.27
19.894
19.644
19.646
20.03
19.87
19.692
19.722
19.97
19.87
19.942
19.776
19.684
19.774
19.726
19.9
19.726
18.988
18.83
18.946
19.076
19.032
18.762
18.392
17.946
18.244
18.098
17.324
15.714
15.716
15.476
14.9
14.328
13.77
13.656
13.772
14.21
14.646
14.942
14.712
14.9
15.052
15.69
15.204
15.152
15.938
15.968
16.282
16.2
16.242
15.976
16.268
15.954
15.654
15.668
15.806
15.718
16.102
15.538
15.84
15.814
15.608
15.954
16.676
16.848
17.088
17.242
17.256
17.292
17.41
16.914
17.332
17.214
17.334
17.314
17.092
17.12
17.524
17.404
17.652
17.626
17.556
17.206
17.388
17.598
17.344
17.382
17.584
17.672
17.982
17.848
17.374
17.064
17.012
