7.416
7.476
7.584
7.558
7.648
7.65
7.402
7.534
7.836
7.66
7.86
8
8.044
7.92
7.91
8.03
8.05
8.38
8.432
8.444
8.448
8.47
8.47
8.542
8.56
8.434
8.482
8.456
8.47
8.47
8.42
8.426
8.402
8.44
8.48
8.518
8.488
8.48
8.5
8.48
8.47
8.506
8.488
8.494
8.5
8.48
8.51
8.502
8.484
8.562
8.47
8.486
8.52
8.464
8.568
8.504
8.504
8.586
8.664
8.542
8.668
8.754
8.75
8.7
8.96
8.316
8.352
8.372
8.46
8.38
8.296
8.248
8.182
8.292
8.45
8.454
8.44
8.514
8.54
8.464
8.458
8.562
8.508
8.4
8.456
8.426
8.666
8.58
8.53
8.376
8.186
7.968
8.266
7.962
7.752
7.808
8.19
8.156
8.212
8.628
