65.07
65.22
64.69
63.85
63.53
64.52
64.9
64.2
64.76
63.9
63.11
64.04
63.44
61.62
60.75
61.04
60.66
60.97
61.11
61.33
60.92
60.07
60.21
61.15
58.38
57.65
57.78
58.71
57.96
57.28
56
55.61
56.43
57.52
55.73
50.33
50.54
50.07
49.725
48.34
47.07
46.625
46.945
50.33
51.2
52.27
51.79
52.1
52.93
53.21
53.6
52.45
54.47
54.33
54.72
55.04
57.2
55.68
53.95
53.34
52.03
51.37
51.98
52.34
51.82
49.53
49.985
50.28
50.47
50.62
54.19
55.15
55.06
54.91
55.23
54.87
54.51
53.97
53.17
52.12
51.83
51.38
50.63
51.06
51.32
51.79
52.14
51.78
51.7
49.565
49.765
50.74
50.44
50.31
50.3
50.98
51.47
50.61
49.155
48.355
