178.4
180.2
176.3
177.8
179.3
177.4
181.3
180.6
180.3
175.3
174.9
176.5
174.2
175.8
174.4
174.4
173.9
174
174.7
176.7
182.7
188.4
184.4
180
177.9
180.6
182
180
175.9
173.3
174.6
173.3
173.1
169.4
150.4
151.9
160
158.5
156.2
149.5
145.7
147.3
149.1
144.3
149.2
149.2
153.7
156.5
164
170.4
173.3
173.5
174.4
178.2
180.3
180
177.1
173.1
169.8
173.6
179
175.9
177.2
172.9
174.8
172.4
171
169.5
170.8
169.9
168.4
173.4
165.1
166.8
164.6
163.4
158.7
158.6
157
159
154.5
162.4
171.9
170.5
169.2
168.3
170.2
172.5
169.2
165.1
163.3
161.7
162.2
160.6
162.2
159.7
165
163.7
168.1
166.6
