170.32
170.38
182
174.12
169.36
154.94
153.7
157.86
161.58
150.84
131.52
132.14
130.96
130.5
126.28
123.16
126.54
128.5
132.4
135.82
141.9
140.38
139.4
141.6
143.72
144.42
139.46
139.04
139.18
142.04
141.82
139.76
139.86
141.42
144.52
142.82
143.72
142.08
139.5
142.72
131.9
125.22
133.62
132.74
131.8
139.64
141.72
139.96
139.5
139.1
135.56
134.8
134.84
138.4
144.84
141.48
144.52
146.1
144.56
144.92
146.9
149.48
146
148.16
148.64
144
141.86
142.88
142.58
145.84
147.42
148.3
150.38
156.66
147.18
144.84
146.84
144.6
139.64
138.04
135.02
137.4
141.54
147.2
144.22
152.16
154.3
154.9
157.1
151.76
154.94
158.32
163
154.6
160.34
154.76
154.92
155.8
160.8
160.76
