64.68
64.3
64.08
64.14
63.74
64.96
64.62
63.66
63.68
63.34
62.7
62.82
63.2
62.34
61.94
62.32
61.8
62.64
63.24
64.06
63.86
63.44
63.56
64.02
63.4
63.82
63.24
63.88
62.6
62.42
60.44
59.34
58.52
57.9
58.98
60.06
60.16
57.9
57.44
56.04
54.88
55.62
55.62
57.04
53.94
55.2
54.84
54.36
54.78
55.22
55.86
55.62
56.36
55.36
55.94
55.56
55.38
55.32
54.66
55.28
54.72
54.9
54.3
54.6
55.38
54.26
54.48
54.44
54.24
54.22
56.28
56.88
57.04
55.08
55.08
54.8
54.22
52.8
53.64
52.72
52
53.38
52.94
52.46
51.86
52.58
53.08
52.38
52.9
52.26
51.86
52.62
52.76
53.02
52.8
54.06
54.38
52.62
51.78
51.62
