27.37
27.21
27.07
26.91
26.49
27.81
28.15
28.14
27.78
26.96
26.59
27.01
27.45
27.58
27.44
27.34
27.08
26.03
26.51
25.81
26.78
27.12
27.31
27.58
26.5
25.76
25.63
26.18
26.13
25.92
24.83
24.63
24.87
24.6
24.29
20.98
20.91
20.73
20.39
19.925
19.665
19.99
20.7
21.6
22.01
23.16
22.74
22.07
22.3
21.78
21.54
21.81
22.31
23.25
23.92
23.96
23.19
22.35
22.8
21.97
21.57
21.53
21.38
21.11
21.74
21.01
21.02
21.76
21.66
21.69
23.6
24.73
24.82
24.11
23.57
23.39
22.86
22.98
23.35
22.84
22.7
22.09
21.68
22.2
22.35
22.56
22.56
22.61
22.74
22.15
22.26
22.55
23.09
23.25
23.51
24.06
24.5
24.76
23.85
22.95
