192.32
193.06
196.8
197.16
196.46
191.26
190.18
194.44
189.72
186.18
175.62
176.92
177.56
178
176.08
172.42
172.1
171.52
175.38
175.44
179.44
178
177.04
177.52
178.36
181.96
180.06
179.82
181.6
183.32
183.06
182.28
180.4
179.66
181.04
181.64
181.46
180.72
180.04
184.4
179.36
177.64
182.06
181.74
178.24
185.56
184.36
186.18
185.14
185.56
184.3
184.36
186.74
184.5
185.8
183.38
184
186.68
182.06
182.92
181.74
183
181.76
181
180
176.38
173.94
175
175.14
174.7
178.72
179.32
181.24
182.5
178.96
176.56
172.12
171.26
169.66
170.34
165.6
163.58
166.48
164.18
164.66
167.26
166.2
164.88
167.5
165.94
167.68
166.48
165.26
163.58
163.46
160.46
158.18
159.1
161.36
161.24
