2.3495
2.38
2.3615
2.3865
2.376
2.33
2.418
2.34
2.35
2.3125
2.113
1.7912
1.8328
1.7836
1.85
1.786
1.721
1.6698
1.66
1.704
1.7192
1.7354
1.678
1.6788
1.7032
1.6568
1.6356
1.5912
1.612
1.6106
1.6644
1.6992
1.7262
1.696
1.7088
1.5976
1.58
1.582
1.6088
1.58
1.6508
1.5536
1.5438
1.53
1.567
1.5916
1.704
1.7596
1.7968
1.785
1.822
1.8012
1.8516
1.8564
1.9462
1.9016
1.8548
1.8424
1.876
1.872
1.9644
1.8948
1.9284
1.8972
1.894
1.8412
1.854
1.9362
1.892
1.8946
1.9248
1.9636
1.9908
1.9996
1.8958
1.8332
1.8654
1.8958
1.9216
1.8592
1.8194
1.8942
2.0085
2.1055
2.077
2.133
2.1275
2.157
2.1975
2.214
2.2195
2.257
2.2725
2.2295
2.2505
2.2175
2.1805
2.217
2.275
2.3435
