52.3
52.48
52
52.3
51.92
51.7
51.22
52.3
52.92
53.7
52.7
53.26
52.28
51.54
50.88
52.4
52.8
54.62
54.46
54.72
54.5
54.2
54.62
54.14
52.6
49.8
50.4
50
49.49
47.73
47.32
46.85
46.86
49.19
50.42
51.12
50.32
50.62
52.14
53.3
53.5
55.16
55.62
55.04
55.62
56.02
54.9
54.6
55.1
55.24
54.84
55.12
55.3
55.1
55.56
55.04
54.46
54.98
55.08
55.5
57.26
57.5
58.16
57.58
57.4
57.18
57.1
56.6
57.62
56.56
56.86
55.74
54.56
55.2
55.44
56.24
56.26
56.28
56.4
55.64
56.18
56.74
56.5
56.48
56.06
56.74
56.36
55.68
55
54.98
56.34
56.3
56.02
56.9
56.56
57.62
60.36
59.8
59.86
60.66
