5.362
5.192
5.08
5.286
5.294
5.292
5.29
5.132
5.078
5.196
5.362
5.354
5.4
5.524
5.518
5.5
5.402
5.21
5.392
5.294
5.314
5.47
5.242
4.967
4.934
5.176
5.076
5.02
4.93
4.766
4.767
4.941
4.601
3.988
4.016
4.261
4.376
4.225
4.045
4.02
4.091
4.242
4.446
4.574
4.436
4.489
4.543
4.404
4.318
4.373
4.527
4.523
4.731
4.698
4.736
4.663
4.669
4.387
4.302
4.261
4.193
4.107
4.226
4.002
4.09
4.126
4.236
4.239
4.482
4.626
4.759
4.671
4.785
4.838
4.953
4.847
5.036
5.15
4.723
4.746
4.864
4.863
4.971
4.839
4.879
4.751
4.72
4.6
4.611
4.786
4.69
4.72
4.783
4.797
4.918
4.894
4.838
4.77
4.798
4.759
