14.05
14.27
14.84
14.75
14.59
14.3
14.49
14.93
15.1
15.42
15.07
15.2
15.05
14.47
14.56
16.71
18.45
18.06
17.91
17.86
16.73
16.88
16.75
16.97
16.82
16.55
16.26
16.39
16.22
15.25
14.59
13.36
13.4
13.23
13.11
12.69
12.48
12.5
12.15
13.14
13.85
14.6
14.17
14.17
15.08
15.34
15.2
15.59
15.81
15.89
16.28
16.26
16.47
15.95
16.96
16.72
16.05
16.81
16.72
16.52
17.54
16.67
16.99
16.27
16.65
16.6
18.2
19.14
18.94
19.07
20.5
17.82
18.5
17.56
17.35
17.05
17.02
17.05
16.44
16.1
16.17
15.54
16.11
16.5
16
15.39
15.5
15.16
15.04
15.1
15.25
15.55
16.2
17.12
17.42
17.71
17.32
17.98
18.1
18.02
