5.705
5.82
5.625
5.615
5.725
5.61
5.2
5.125
4.096
3.942
4.104
4.188
4.336
4.47
4.486
4.464
4.254
4.352
4.14
4.19
4.254
4.334
4.418
4.352
4.244
4.19
4.178
4.264
4.344
4.248
4.35
4.276
4.25
4.196
4.032
4.148
4.096
4.068
3.88
3.798
3.76
3.848
4.03
4.1
4.308
4.15
4.172
4.244
4.19
4.084
4.066
4.064
4.24
4.39
4.15
4.276
4.28
4.34
4.226
4.136
4.196
4.21
4.116
4.23
4.084
4.052
4.1
3.998
3.892
4.1
4.192
4.018
4.012
3.972
3.86
3.914
3.932
3.886
3.832
3.85
3.862
3.932
3.868
3.978
3.956
3.98
3.798
3.83
3.65
3.702
3.684
3.776
3.58
3.464
3.394
3.176
3.128
3.13
3.208
3.182
