34.85
34.535
35.495
35.55
35.585
34.88
33.17
33.17
32.74
32.75
31.465
31.51
31.55
31.785
31
30.75
30.69
30.645
31.07
31.73
32.815
32.505
33.045
33.055
33.695
34.315
33.805
34.245
34.095
33.915
33.7
33.815
33.315
33.08
32.665
32.775
33.205
33.5
33.325
33.415
32.775
32.38
33.31
33.335
33.28
33.535
34.085
34.535
34.26
34.02
33.64
33.775
34.24
34.15
34.525
34.585
34.5
35.875
35.05
35.25
35.4
35.855
35.525
35.445
35.695
35.665
35.59
35.535
35.365
35.405
35.79
36.155
40.605
40.85
40.805
39.94
39.95
39.905
40.21
40.265
38.86
38.895
39.715
39.495
39.745
39.99
40.835
40.425
41.04
40.795
40.795
39.74
40.535
40.42
41.19
41.21
41.785
40.195
40.745
41.005
