96.82
96.82
99.66
97.96
99.1
96.52
95.65
97.53
97.87
96.37
87.45
88.21
86.5
88.76
86.09
83.2
82.84
83.27
84.23
85.08
87.7
86.43
84.63
84.92
85.62
86.95
86.3
86.01
85.99
86.3
85.6
85.23
84.26
85.22
83.68
82.98
82.53
81.85
80.65
82.15
79.41
78.73
80.44
80.19
80.1
83.14
83.34
84.98
84.8
86.43
84.93
85.06
85.31
84.66
88.19
86.2
86.23
85.62
83.89
84.31
85.94
86.24
84.15
85.03
84.4
82.64
82.2
83.64
82.94
84.25
86.81
86.15
87.74
89.64
86.06
82.41
81.98
82.01
81.09
82.82
81.02
82.3
83.22
83
82.49
84.58
84.55
84.69
86.86
85.69
86.47
88.02
86.44
85.88
85.6
83.15
80.69
81.44
81.96
82.86
