45.88
45.02
44.42
44.08
44.06
45.08
44.86
43.88
43.86
43.24
43.56
43.98
45.5
45.74
45.64
45.94
44.68
43.7
44.84
45
45.24
45.14
44.94
44.38
44.34
44.56
44.38
44.38
45.66
45.9
44
43.54
42.26
40.78
39.74
38.24
38.56
37.2
37.26
35.92
33.9
33.9
34.08
39.26
39.62
40.04
39.92
39.76
41
42.96
43.9
43.94
45.98
46.52
46.2
44.86
44
43.14
45.66
43.74
43.5
43.82
44.1
44.68
44.38
43.96
43.96
44.56
44.32
44.86
46
46.08
46.68
46.18
46.52
45.88
45.96
45.14
45.98
45.1
45.62
47.8
46.5
46.24
45.82
45.66
46.58
46.04
45.02
44.88
44.06
44.22
43.62
44.22
44.5
47.88
51.15
51.55
50.1
51.35
