78.85
78.2
77.4
77.2
75.3
76.2
75.9
75.85
73.45
74.5
73.35
73.5
74.7
74.25
82.75
83.5
82.05
81.65
82
83.3
82
78.85
78
77.35
77.05
77
76.25
75
75.5
75
74.75
75.4
75.1
72.95
74.9
79.35
82.3
77.05
75.85
74.1
73.55
75.2
73
75.6
73.05
73.6
73.85
74.5
76.2
77.6
78.65
76.85
80
79.6
78.7
77.95
76.9
76.25
77
77.9
78.05
78.25
78.95
77.6
75.65
73.3
72.4
73.45
72.8
73.4
77.45
76.9
77.6
76.85
76.75
77.85
78.75
76.05
75.75
72.95
76.35
80.35
75.25
75.2
74.65
74.15
75.5
75.6
76.05
75.35
75.35
75.1
74.8
75.35
73.5
75.1
74.15
74.1
72.3
75.55
