534.7
541.5
536.7
544.5
544.8
543.3
540.3
561.8
561.8
545.6
544.8
517.6
517.6
508.1
517.6
492.5
492.5
495.5
495.5
503.9
507.7
515.7
515.7
544
544
551.5
551.5
556
538.5
538.5
530.4
530.3
530.3
539.5
532.8
539.5
540.8
540.8
537.7
526
510.7
510.7
510.7
519.6
520.8
521.7
534.4
528
516.3
511.4
510.7
504.5
510.7
519.9
527.9
515.9
516.6
514.1
525
520.2
512.2
520.2
517.7
518
516.8
511
509.9
515.4
512.6
512.8
510.2
510
515
507.5
502.9
510.2
499.9
480.4
480.4
478.5
479.9
473
483
490.4
485.85
496.15
495.6
494.5
480.3
481.2
472.85
474.75
472.8
464.55
461.1
470.5
464.65
461.25
467.2
461.25
