7.425
7.7
7.8
7.781
7.874
7.711
7.817
7.913
8.032
7.937
8.046
8.122
8.03
7.997
7.964
8.66
9.08
9.05
9.311
9.186
8.77
8.486
8.414
8.491
8.433
8.288
8.128
7.991
8.114
8.121
7.741
6.805
7.038
7.029
6.864
6.607
6.412
6.249
6.305
6.585
6.85
6.96
6.829
6.805
7.067
6.898
6.85
6.805
7.069
7.064
7.347
7.419
7.542
7.377
7.463
7.062
6.933
6.944
7.053
7.023
7.096
6.72
6.884
6.76
6.955
7.112
7.575
7.807
7.933
7.96
8.1
8.072
8.238
7.877
8.18
8.123
8.008
8.056
8.149
8.267
8.462
8.165
8.32
8.245
8.286
8.121
8.177
8.313
8.159
8.183
8.259
8.214
8.357
8.236
7.854
7.741
7.751
8.077
8.004
7.757
