56.37
55.51
56.32
57.52
57.5
57.7
58.21
56.77
57.49
57.54
56.45
56.59
56.09
57.41
57.95
56
55.52
55.07
55.7
54.54
53.78
52.5
52.2
52.99
53
50.7
48.175
49.415
48.02
47.2
45.82
44.4
44.225
44.245
47.06
47.965
48.4
47.905
47.97
48.68
48.81
49.4
46.835
48.275
48.875
49.01
48.18
48.82
49.09
48.13
47.83
46.75
46.745
46.035
45.69
45.875
44.185
44.485
44.29
43.73
43.485
45.48
46.4
46.29
46
46.17
46.545
46.515
45.575
45.1
43.48
43.34
43.08
42.675
42.645
42.88
43
43.03
42.33
42.79
41.135
41.965
42.92
42.215
42.335
42.265
42.31
42.62
42.295
40.875
40.6
40.61
40.81
40.155
39.06
37.4
38.6
39.895
39.825
40.07
