8.944
9.218
8.983
8.786
8.631
9.03
9.097
8.97
8.919
8.795
8.817
9.107
9.303
9.455
9.573
9.742
9.751
9.53
9.545
9.343
9.484
9.417
9.503
9.623
9.274
8.96
8.991
9.107
9.136
9.117
8.996
8.907
8.941
9.063
8.889
8.523
8.54
8.558
8.49
8.296
7.901
7.884
7.759
7.91
8.04
8.12
7.957
7.955
8.15
8
7.865
7.643
7.74
7.786
7.86
7.843
7.928
7.8
7.78
7.36
7.196
7.1
7.19
7.074
7.272
6.774
6.947
6.956
6.934
7
7.672
7.781
7.866
7.712
7.901
7.812
7.995
7.866
8.065
8.136
7.883
7.897
7.961
8.025
8.28
8.281
8.299
8.156
8.135
7.79
7.88
8.127
7.918
7.963
8.069
8.073
8.26
8.237
8.01
7.731
