119.1
118.8
119
119.55
118.35
112
114.65
109.5
108.3
105.1
98.5
100.1
99.76
99.26
98.84
99.48
101.25
99
98.18
96.94
94.96
96.6
101.1
99.5
95.92
95.62
96.26
99
105.9
105
107.15
105.8
112.35
114.8
106.25
98.56
96.86
98.78
100.25
97.32
95.72
92.6
91.66
92.48
94.5
98.42
100.4
103.6
101.35
103.85
99.2
99.04
98.8
95.3
98.52
99
98.28
98.5
98.8
98.12
99.08
97.32
96.82
97.12
96
93.7
89.66
90.96
91.1
89
90.46
90.54
90
90.52
89.22
90.02
86.96
87.2
94.68
92
90.02
90
90.82
95.2
93.92
94.32
94.96
98.42
100.1
102.25
102.8
99.26
102.95
98.72
95.44
98.46
101.8
98.5
99.38
99.7
