39.08
39.09
39.32
39.44
39.35
39.65
40.48
40.45
40.72
40.5
40.58
40.44
40.39
40.08
39.13
39.88
39.1
38.94
38.85
38.71
38.87
38.92
38.84
38.54
40.5
41.41
41.35
40.23
39.69
38.94
38.04
38.39
38.13
39.67
39.64
40.61
40.8
41.02
41.37
41.34
41.27
40.71
41.95
41.47
41.3
41.28
40.97
41.22
39.67
39.52
39.23
39.27
38.9
39.48
39.23
38.17
38.28
38.54
38.02
37.7
39.39
39.55
39.4
38.68
38.44
38.63
38.65
38.27
37.6
37.68
38.18
38.46
38.42
38.12
38.24
39.47
40.01
39.16
38.74
38.25
38.07
38.18
37.83
38.05
37.65
37.92
38.08
37.54
36.76
36.48
36.4
36.27
35.37
35.35
34.26
34.31
35.26
34.99
34.86
34.74
