33.4
33.54
32.76
33.1
32.88
32.16
33.3
32.84
31.42
30.62
30.22
29.34
29.4
29.96
29.76
29.34
29.84
29.34
29.94
30.62
30.62
31.32
31
30.66
31.24
28.78
27.8
28.02
27.78
28.5
28.32
27.2
27.42
27.56
26.42
26.5
25.6
27
26.22
26.02
25.68
24.66
24.46
24.74
25.74
26.82
27.74
27.66
27.32
27.54
27.26
27.66
27.3
28.66
28.4
28.26
27.56
27.86
27.62
27.06
26.86
26.58
26.4
26.26
25.48
25.64
25.26
24.6
26.04
25.24
24.78
26.28
26.4
26.8
26.78
27.26
27.04
27.26
27.6
27.88
27.4
26.86
27.04
27.14
27.68
27.74
27.12
27.28
27.14
27.42
26.9
26.82
27.62
27.46
27.14
26.88
27.52
27.48
26.96
25.62
