43.69
43.57
43.25
42.58
42.38
42.12
42.9
43.58
43.11
42.59
42.72
42.71
42.51
42.11
42.61
42.14
41.82
42
41.48
41.07
42.04
41
41
40.72
40.17
41.08
42.62
42.48
42.35
40.69
40.79
42.49
42.89
43.5
41.36
43.12
46.24
46.31
46.29
44.2
43.79
43.33
43.35
41.85
43.49
43.16
43.58
43.7
43.54
44.53
44.84
44.53
44.69
45.25
44.92
45.28
44.61
44.33
44
44.05
44.06
43.68
43.23
42.69
42.41
42.41
42.39
42.9
42.5
43.01
42.65
44.45
44.5
44.87
44.38
43.92
45.55
45.85
44.87
44.43
43.49
46.2
45.89
45
44.64
44.56
44.61
44.91
44.41
44.75
44.25
44.43
43.7
43.26
43.4
43.4
43.67
44.53
44.06
43.95
