8.588
8.354
8.26
8.62
8.707
8.76
8.748
8.671
8.813
8.927
8.839
8.784
8.764
8.748
8.457
8.503
8.422
8.307
8.579
8.66
8.67
8.624
8.33
8.13
8.066
8.198
8.09
7.96
7.655
7.618
7.589
7.679
7.384
6.542
6.589
6.598
6.514
6.357
6.008
5.916
5.889
6.1
6.243
6.437
6.338
6.343
6.562
6.59
6.565
6.422
6.699
6.689
6.819
6.862
6.89
6.726
6.911
6.686
6.491
6.459
6.684
6.664
6.862
6.689
6.807
6.936
7.054
6.943
7.392
7.6
7.647
7.608
7.473
7.601
7.621
7.518
7.767
7.636
7.7
7.677
7.775
7.805
7.959
7.986
8.095
8.079
8.196
7.877
7.939
8.128
8.051
8.105
8.176
8.245
8.377
8.251
7.985
7.81
7.947
8.097
