7.858
8.157
8.178
8.16
8.042
8.125
8.049
8.213
8.124
8.164
8.183
8.204
8.212
8.285
8.321
8.371
8.502
8.39
8.49
8.414
8.085
8.233
8.169
8.128
8.119
8.09
8.025
8.082
8.211
8.045
8.045
7.714
7.611
7.371
7.216
6.991
6.84
6.935
6.957
7.393
7.499
7.564
7.452
7.515
7.587
7.468
7.536
7.463
7.775
7.715
7.689
7.524
7.545
7.593
7.364
7.394
7.463
7.463
7.42
7.493
7.448
7.342
7.367
7.453
7.323
7.244
7.42
7.376
7.575
7.631
7.563
7.655
7.6
7.475
7.593
7.408
7.579
7.646
7.506
7.59
7.644
7.62
7.798
7.805
7.866
7.733
7.75
7.865
7.79
7.808
7.883
8.01
8.109
7.961
7.861
7.813
7.73
7.829
7.868
7.849
