8.858
9.134
9.218
9.04
8.972
9.014
8.996
9.118
9.006
9.076
9.14
9.156
9.138
8.964
8.984
9.1
9.05
9.13
9.132
9.324
9.33
9.262
9.48
9.378
9.328
9.228
9.36
9.33
9.048
9.042
8.952
8.846
8.96
9.346
9.468
9.528
9.44
9.464
9.582
9.664
9.74
9.578
9.754
9.648
9.77
9.744
9.768
9.716
9.768
9.718
9.694
9.528
9.428
9.39
9.392
9.282
9.334
9.372
9.3
9.38
9.686
9.754
9.85
9.832
9.812
9.9
10.01
9.824
9.944
9.792
10.12
10.075
9.89
9.91
9.926
10
10.045
10.145
10.12
9.794
9.82
10.05
9.952
10.06
9.988
10
9.956
9.928
9.924
9.898
9.878
9.926
9.964
10.085
9.936
10.005
10.2
10.2
10.18
10.34
