54.4
53.6
52.15
51.7
51.5
50.85
52.1
52.6
51.6
50.9
50.25
50.55
51
51.3
52.55
52.65
52.45
52
51.4
51.95
50.75
50.35
49.88
50.1
50.4
50.75
51.05
49.08
51.75
51.85
50.65
48.5
49.42
50.1
50
52.1
42.02
41.76
41.22
40.08
40
38.04
37.74
38.26
41.36
41.76
43.7
42
41.48
41.96
41.58
41.28
42.36
42.8
43
42.88
42.5
41.16
41
41.74
41.38
41.36
41.5
41.28
41.34
42.08
41.84
41.5
41.86
41.72
41.14
42.24
43.2
43.66
42.9
42.8
41.8
42.54
43.66
43.46
41.82
42.06
41.32
40.9
41.62
41
40.3
40.18
38.26
36.52
36.04
35.32
35.52
35.56
35.54
36.12
36.14
36.26
36.1
34.62
