27.12
27.09
26.99
26.75
26.41
26.92
26.9
26.63
26.62
26.1
26.1
26.35
26.58
26.2
26.07
26.02
25.52
25.37
25.73
25.31
25.14
25.35
25.27
25.22
24.5
23.94
23.63
23.86
23.73
23.71
23.01
22.79
23.23
23.65
22.89
21.82
21.74
21.59
21.66
20.97
20.67
20.76
20.96
22.07
21.95
22.27
22.01
21.86
22.23
22.7
23.06
22.99
23.55
23.47
23.25
23.42
23.51
23.33
22.95
22.87
22.45
22.2
22.1
22.21
22.34
22.02
22.48
22.34
22.68
22.3
23.12
23.28
23.56
23.67
23.66
23.99
24.15
23.39
23.65
23.23
23.13
23.73
23.56
24.3
24.26
24.56
24.65
24.38
25.02
24.43
24.38
24.65
24.72
25.07
24.82
25.2
25.16
24.87
24.35
24
