29.87
30.3
29.77
29.47
28.22
28.53
28.25
26.7
26.5
26.76
26.35
26.19
26.28
26.36
26.04
26.15
25.98
26.2
26.14
25.57
25.74
25.4
24.96
24.98
25.34
25.15
24.71
24.46
24.74
25.42
25.37
25.18
25.02
24.15
23.9
24.48
24.59
24.61
23.24
22.87
22.68
22.73
22.92
23.39
22.87
23.04
23.18
23.04
23.13
23.37
23.05
22.75
23.07
23.64
22.55
22.29
22.4
21.89
22.39
22.44
21.95
22.58
22.57
22.29
22.14
22.01
22.02
22.84
22.21
22.16
22.82
22.62
22.95
23.2
22.98
22.5
22.42
22.17
22.28
21.56
22.33
22.53
22.45
22.4
22.12
22.33
22.91
22.6
22.58
22.6
22.76
22.76
22.17
21.8
21.64
22.52
22.98
24.68
23.06
23.2
