17.195
17.285
17.44
17.115
17
16.935
17.545
17.17
17.065
16.81
16.95
16.875
17.26
17.08
17.095
17.16
17.005
17.03
17.01
17.19
17.13
17.37
17.35
17.4
17.13
17.025
17.2
17.055
17.36
17.37
17.24
17.095
17.02
16.77
16.975
16.37
16.025
16.27
16.015
15.88
16.07
15.205
15.505
15.755
16.19
16.365
16.635
16.49
16.525
16.78
17
17.23
17.125
17.395
17.565
17.33
17.065
17.225
17.03
17.235
17.405
17.035
17.095
17.27
17.33
17.55
17.565
17.58
17.8
17.815
17.535
18.06
18.435
18.55
18.275
18.39
18.575
18.69
18.605
18.525
18.17
18.335
18.285
18.27
18.095
18.075
18.235
18.145
18.105
18.21
18
18.06
18.37
18.18
18.315
18.375
18.52
18.315
15.685
15.31
