46.44
46.94
46.96
46.78
46.82
46.64
47.92
48.12
47.84
47.34
45.96
45.74
46.08
46.34
46.56
47.4
47.74
47.72
48.64
48.1
47.92
48.26
47.94
47.94
48.02
48.5
48.74
48.48
49.36
48.82
48.66
48.18
47.98
47.62
46.4
46.22
46.1
46.48
46.5
45.22
44.36
44.18
43.84
43.64
46.76
46.36
46.18
45.3
45.3
45.76
45.54
45.84
45.44
45.16
44.76
44.78
44.7
45.28
45.66
45.48
45.04
44.08
44.56
43.38
42.64
42.38
40.6
40.58
40.84
40.42
40.2
41.22
42
41.86
41.58
41.46
41.94
39.72
38.08
38.68
38.28
38.34
39.04
39.2
39.62
39.6
39.4
39.04
38.02
37.84
37.52
37.52
38.14
38.16
38.48
37.82
38.26
38.38
37.28
36.66
