49.16
48.48
47.48
46.66
45.44
47.9
49.46
48.8
49.46
48.6
48.7
49.96
49
49.74
51.15
51.95
50.1
49.62
48.72
47.58
46.94
48.2
48.44
49.56
47.18
46.18
45.86
46.48
47.14
47.58
44.68
43.8
44.76
48.54
44.1
32.96
33.66
33.12
33.52
31.84
31.02
31.3
32.1
34.8
35.44
35.94
34.34
34.2
34.82
33.28
31.76
32.78
34.02
33.64
35.38
35.14
36.08
35.72
35.7
34.66
33.36
33.42
33.78
33.3
34.3
33.54
34.48
35.22
34.98
34.42
36.32
38.32
36.2
35.6
35.7
35.44
36.94
36.94
37.18
37.4
38.14
37.06
37
38.16
37.64
36.96
36.66
36.38
37
34.84
34.78
36
35.52
35.26
36.54
36.92
37.14
37.24
34.88
33.48
