38.02
37.41
37.95
37.97
37.54
37.58
37.59
37.33
37.81
38.16
37.5
38.07
37.67
37.66
38.03
37.69
37.85
37.64
38
38.1
37.64
37.31
37.1
37.72
37.7
37.42
33.73
34.14
33.41
32.42
32.11
31.84
31.55
32.37
33.4
33.86
34.37
33.87
33.84
34.65
35.66
36.53
36.46
37.93
38.37
39.38
39.46
39.3
38.57
39.16
38.82
38.1
38.67
38.83
38.65
38.9
37.83
38.35
38.33
37.96
37.88
39.44
40.1
39.82
38.89
38.44
38.56
38.49
38.02
38.52
38.13
38.86
39.56
38.67
38.8
39.4
39.42
39.35
39.45
39.54
38.63
38.85
39.12
38.8
38.86
38.77
39.12
39.56
39.55
38.95
39.15
39.24
40.19
42.73
42.83
42.27
42.6
45.12
44.2
44.27
