9.81
9.832
9.818
9.76
9.634
9.62
9.942
9.628
9.882
9.874
10.18
9.922
10.5
10.36
10.34
10.19
10.675
10.445
10.69
10.655
10.575
10.695
10.63
10.42
10.31
10.29
10.41
10.385
10.5
10.455
10.47
10.36
10.265
10.045
10.045
9.716
9.426
9.56
9.566
9.542
9.684
9.604
9.608
9.07
9.186
9.366
9.508
9.346
9.388
9.488
8.916
9.454
9.614
9.61
9.74
9.564
9.474
9.168
9.076
9.21
9.144
8.788
8.696
8.876
8.8
8.986
8.896
9.02
9.242
9.236
9.16
9.51
9.662
9.622
9.502
9.478
9.494
9.512
9.162
9.24
9.236
9.322
9.206
9.18
9.362
9.596
9.61
9.85
10.095
9.98
9.818
9.844
10
9.798
9.848
9.918
10.08
10.025
9.906
9.756
