29.8
29.32
29.2
29.21
29.04
29.52
28.96
28.29
28.36
27.49
27.62
28.18
28.5
28.53
28.52
28.94
28.31
28.46
28.87
28.71
28.8
29.04
29.05
28.96
28.65
29.01
28.6
28.51
28.74
29.2
28.92
28.97
29.14
28.38
28.84
28.28
28.66
30.44
30.17
29.54
28.57
27.96
28.32
29.37
29.54
30.12
30.54
30.71
30.6
30.36
30.99
30.15
30.62
30.42
31.34
30.73
30.34
29.97
29.92
29.82
29.7
30.13
30.01
29.99
30.15
29.57
29.42
29.7
29.62
29.23
30.42
30.57
30.81
31.04
31.11
31.3
31.52
31.05
31.03
31
29.89
30.04
29.71
30.56
29.73
30.58
31.04
30.32
30.52
30.37
30.31
30.58
30.63
30.7
30.29
31.1
30.16
31.32
30.65
30.75
