67.05
66.8
66.9
67.35
67.4
67.05
69.25
68.1
67.4
65.75
66.45
66.8
66.35
66.2
66.35
62.35
63
62.1
63.05
64.25
64.1
63.05
62.55
62.25
63.1
63.3
64.25
64.7
64.75
64.35
64.05
66.15
65.7
67
66.3
69.65
71.3
71.3
71.55
69.6
69.25
69.15
69.8
70.2
71.5
70.7
72.25
72.35
73.15
75.45
76.65
76.6
75.85
77
75.8
76.4
75.95
74.85
75.6
75.4
76.45
75.1
74.75
74.5
74
74.7
75.4
75.15
75
74.35
74.55
75.9
76.1
76.4
76.8
76.25
75.9
76
76.75
76.85
75.05
76.8
78.45
78
77.95
77.75
78.75
79.5
78.25
76.95
75.65
75.9
75.55
75.8
76.1
76.8
78
77.75
76.2
75.4
