8.769
8.986
8.904
9.019
8.985
9.019
9.233
9.406
9.345
9.072
9.07
8.802
8.701
8.589
8.636
8.552
8.681
8.88
8.809
8.917
8.616
8.132
8.11
8.404
8.161
8.033
7.627
7.463
7.579
7.639
7.392
6.733
6.772
6.775
6.563
6.42
6.33
6.326
6.629
6.017
6.213
6.497
6.411
6.196
6.205
6.262
6.216
5.743
5.829
5.678
5.744
5.849
5.504
5.36
5.544
5.417
5.271
5.244
5.311
5.224
5.367
5.218
5.197
5.353
5.316
5.328
5.844
6.044
5.704
5.071
5.15
5.076
5.105
5.225
5.448
5.421
5.416
5.38
5.263
5.398
5.502
5.504
5.497
5.522
5.397
5.311
5.26
5.44
5.412
5.464
5.618
5.588
5.608
5.831
5.655
5.345
5.35
5.191
5.225
5.198
