49.865
49.96
50.45
50.43
50.2
50.5
50.18
50.76
51.21
50
49.9
50.3
50.11
51.01
50.37
50.52
51.04
51.29
51.08
51.6
51.37
50.32
51
51.25
50.57
49.73
50.64
51.86
50.44
50.44
49.56
49.565
49.9
50.45
50.38
52.08
50.52
50.65
50.64
51.66
53.22
53.68
54.67
54.79
54.47
54.38
53.86
53.5
53.58
54.31
53.65
53.59
53.55
53.18
53.73
53.39
53.32
54.61
54.19
54.16
54.4
55.37
55.98
56.28
56.39
55.12
54.08
54.31
55.4
56.18
56.23
56.4
54.46
55.05
54.76
55.42
55.28
55.64
55.75
55.78
55.57
55.73
58.16
57.84
57.85
57.58
58.29
58.32
58.05
58.59
58.27
58.43
60.18
60.9
58.75
61.18
62
63.05
62.85
63.84
