33.16
33.3
33.36
33.49
33.84
32.395
32.885
33.38
33.34
32.32
29.31
29.575
29.5
28.695
28.06
28.035
27.92
28.2
28.975
28.8
29.185
28.84
28.595
29.055
29.175
29.42
29.21
29.91
29.965
29.995
29.92
29.96
29.77
29.585
29.63
29.77
29.39
29.265
29.035
29.545
27.685
27.55
27.575
27.325
27.135
28.12
28.69
28.945
28.945
28.6
28.51
28.635
28.93
28.56
28.14
28.395
28.545
27.575
28.295
28.345
28.615
28.55
29.015
29.26
28.87
28.865
29.345
29.21
29.195
29.005
29.43
29.635
28.805
28.69
28.57
28.68
29.165
30.355
32.03
31.255
31.735
31.84
31.525
30.67
30.845
31.495
30.82
31.42
31.1
31.15
31.24
31.6
30.745
31.11
31.1
30.4
30.755
30.65
30.735
30.45
