87.75
87.5
87.25
86.6
89.05
88.6
90.75
90
91.6
91.6
92.7
91.75
92.6
92.75
94.05
96.35
96.5
94.2
94.4
96.35
97.7
95.4
96.05
94.2
96.8
98.4
100.1
99.4
99.2
100.2
101.6
97.75
98.85
95.5
91.75
92.7
92.3
92.85
91.85
89.2
87.9
86.3
85.9
85.6
86.8
85.65
87.2
88.3
87.95
87.8
90.8
91.45
91.05
93.4
98.15
100.3
98.5
97.65
97.35
97.45
97.35
96.1
96.55
95.45
96.4
95.55
94.3
94.9
95.9
95.05
94.85
98
97.55
97.55
97.3
96.3
94.95
94.55
93.6
95.9
94.6
95.55
100.1
98.05
98.85
97.1
97.75
99.4
98
98.85
96.85
97.95
98.25
98
98
96.4
97.6
97.2
96.8
94.95
