20.96
21.04
20.82
20.84
20.5
20.24
20.64
20.66
20.28
20.04
19.98
19.84
19.8
19.63
19.86
19.54
19.6
19.37
19.5
19.47
19.8
19.78
19.88
19.82
19.48
19.78
20.06
20.14
20.24
20.18
20.42
20.88
21.02
21.34
20.22
20.4
20.68
20.66
20.74
20.16
19.85
19.49
19.52
19.13
19.97
20.12
20.48
20.54
20.42
20.86
20.72
20.72
21
21.1
21.16
21.36
21.2
21.32
21.32
21.48
21.38
21.3
21.42
20.62
20.42
20.6
20.28
20.74
20.9
21.32
21.42
22.4
22.54
22.32
21.94
21.8
21.86
21.9
21.22
21.22
20.88
21.64
21.8
21.64
21.5
21.44
21.56
21.62
21.22
21.5
21.5
21.52
20.72
20.9
20.82
20.6
20.6
20.76
20.38
20.58
