12.61
12.41
12.545
12.345
12.405
12.55
12.35
12.41
12.5
12.57
12.805
12.485
12.4
12.525
12.41
12.635
12.415
12.235
12.17
12.055
12.215
12.245
12.37
12.33
11.94
12.26
11.985
11.77
11.035
11.24
11.1
10.82
10.605
10.385
10.28
10.455
10.89
11.09
11.365
11.215
11.37
11.69
11.6
11.66
11.62
11.965
12.065
12.16
12.16
12.145
12.045
11.83
11.505
11.345
11.425
11.445
11.28
11.405
11.13
11.14
11.38
11.17
11.235
11.75
11.835
11.945
11.865
11.95
11.8
11.81
11.755
11.78
11.88
12.055
11.73
11.795
11.805
11.17
11.265
11.38
11.59
11.54
11.17
11.28
11.395
11.34
11.62
11.745
11.99
12.16
11.955
11.68
11.46
11.74
11.785
11.725
11.88
11.4
10.845
11.215
