228.4
227.5
231.1
228.4
236.9
234.55
235.6
238
231.85
235.75
238.85
243.7
243.25
237.2
233.9
227.8
232.4
231.7
234.95
232.85
237.95
238.6
239.9
242.05
245.2
247.15
245.45
244.7
245.75
244
241.4
239.8
238.6
238.25
238.6
236.9
236.55
236.6
232
234.4
230.2
229.6
232.5
231.7
227.75
233.05
237.65
239.05
240.4
236.35
233.45
233.75
233
227.15
230.5
224.95
233.5
240.1
239.05
237.45
241.35
244.3
245.05
241.6
241.45
236.8
236.45
237.55
238.75
242.5
238.75
238.9
237.4
235.9
232.85
231.2
228.05
224.8
227.05
227.5
223.5
225.2
227.2
228.85
226.9
229
229.5
229
229.6
225.8
227.2
226.45
226.3
223
227.5
220.3
219.95
218.8
220.25
222.1
