59.7
60
59.52
60.2
60.14
60.68
60.56
59.54
60.5
60.98
61.32
60.74
59.14
58.56
58.38
59.94
59.94
59.82
58.5
56.96
57.7
58.34
56.26
54.66
53.76
53.06
52.98
51.5
49.12
48.64
48.47
50.76
52.06
53.94
53.98
54.38
54.66
54.96
55.2
53.66
54.54
55.34
56.54
55.94
56.98
54.9
53.66
52.66
51.74
51.28
52.32
52.08
52.18
50.06
50
50.6
50.64
49.76
54
55.7
56.04
55.38
54.58
54.76
54.6
54
52.9
52.76
52.5
54.94
54.1
53.22
52.62
53.04
52.98
52.24
52.84
50.84
51.06
52.1
51.82
51.76
51.5
52.26
52.9
52.86
51.78
50.62
49.64
49.95
48.15
48.27
47.2
48.5
51.6
51.5
52.12
51.88
52.68
52.84
