78.4
78.2
78.25
79.65
79.15
78.15
78.1
78.55
78.3
78.8
79.75
80.9
80.15
79.7
79.45
78.05
78.25
78.7
78.15
79.5
79.3
80.25
80.75
81.65
82.55
84.85
85.15
81.55
82.5
82
80.1
78.9
77.65
78.6
78.8
81
81.55
83.25
82.3
81.8
83.2
81.4
81.45
81.2
82.05
81
82.3
82.9
82.4
81.1
81.45
81.25
80.6
80.75
79.9
79.65
77.75
76.3
76.85
77.2
76
75.15
77.35
78.05
78.15
78.8
78
78.2
79.2
74.5
75.5
74.25
75.55
76.95
76.4
75.25
76
76.8
76.3
75.35
76.1
74.4
75.1
75.8
75.05
74.3
74.3
74.45
74.8
74.1
73.45
73.5
74.35
75
73.65
73.85
73.65
74.1
75.5
75.45
