92.3
92.46
92.02
90.48
90.14
89.2
91.16
90.24
91.36
89.08
88.56
88.38
89.86
89.32
89.3
88.78
89.34
88.74
88.36
89.26
90.24
89.86
89.76
89.16
87.52
87
87.22
87.12
88.78
89.28
90.72
90.72
90.84
91.62
92.98
92.12
88.36
88.52
87.82
85.92
84.6
83.52
83.92
85.06
88.56
88.84
90.62
90.44
90.34
90.8
90.46
91.38
90.74
92.68
91.56
92.42
93.34
92.06
91.52
90.98
91
89.88
89.84
89.32
89.34
87.76
86.5
87.96
88.92
87.78
86.96
89.5
90.56
90.52
91.04
90.16
90.52
90.68
85.28
86.6
85.36
86.8
86.88
85.86
85.56
86.28
87.64
87.98
87.52
88.08
86.38
86.44
87.56
87.04
86.04
86.22
86.2
86.44
85.46
84.5
