63.2
62.2
59.35
58.15
61.55
62.25
62
58.55
60.5
61.2
60.7
61.4
57.65
50.15
47.92
47.04
47.88
46.7
48
48.82
49.28
50.6
47.76
46.3
44
47.54
49.9
47.48
44.56
43.7
41.8
43.8
44.06
42.92
42.12
41.68
49.18
49.84
50.25
46.8
47.36
45.92
46.8
47.3
48.82
46.5
46.9
49.5
50.6
52.35
55.5
54.55
51.05
50.45
48.44
47.6
46.76
45.24
46.34
46.06
47.82
49.02
48.08
47.58
48.2
46
45.06
44.84
45.62
42.2
41.02
38.44
38.14
38.48
39.6
39.7
38.44
39.92
38.06
39
36.66
38.24
42.68
43.96
43.1
42.82
43.82
44.34
43.2
44.96
44.42
43.88
43.74
43.16
43.94
42
44.5
43.6
46.14
46.3
