52.9
53.05
53.3
53
52.6
52.15
53.3
54.25
52.6
52.5
51.05
50.25
52.2
53.1
52.15
48.16
48.78
47.5
48.36
49.2
48.1
48.74
48.58
48.8
49.6
46.98
46.56
46.76
47.02
46.8
47.22
45.9
45
45.44
44.32
42.72
40.1
40.42
39.34
39.98
38.58
37.48
37.32
37.56
38.18
39.8
41.64
41.94
41.4
42.38
42.38
42.62
41.8
43.48
43.14
44.42
44.38
45.18
45.04
44.84
45.08
44.22
44.22
43.02
42.52
42.4
41.04
42
42.62
41.9
41.22
44.14
44.38
44.54
44.54
44.54
43.56
44.4
45.26
45.12
43.96
43.46
42.82
40.94
41
41.2
41.26
41.18
40.36
40.26
38.6
39.12
39.46
40
40
41.3
41.9
42.06
41.78
40.04
