130.3
132
132
131.3
130.3
129.1
132.7
133.6
134.6
133.3
132.1
132.5
135.6
135.3
136.7
137.1
138.4
139.1
142.4
142.2
140.3
139.1
140.9
141
143.3
144
145.4
144.8
148.1
147.8
147.2
146
143.8
145.2
150.1
140.9
129.5
130.5
132.7
131.5
128
124.7
124.3
124.9
125.4
127
129.6
129
127.9
128.8
129.4
128.8
128.7
131.3
131
133
132.4
134.9
133
136
139
133.9
131.4
132.2
131.2
132
127.8
127.5
126.9
126.4
126.6
131.6
134.5
138.2
139.7
142.1
143.2
143.8
142.4
143
140
144.4
146.8
142.9
142.6
144.6
143.8
144.7
144.2
144.2
142.3
141.7
144.1
142.3
141.3
142.8
142.7
144.4
141.3
139.7
