79.55
79.35
80.2
78.45
76.6
74.65
77.4
78.2
77.45
77.05
76.6
77.4
77.3
79.15
78.3
80.65
80.45
79.5
79.45
78.85
80.9
80.85
83.2
83.45
82.85
79.7
76
76.85
77.8
77.9
76.65
76.15
74.4
75.7
78.1
72.1
65.7
66.45
66.25
67.3
66
63.2
62.05
63.85
65.6
67.4
70.5
68.15
66.5
69.1
68.15
67.4
68.5
70.95
71.35
73.3
74.95
73.65
71.4
72.9
72
72.35
64
66.45
65.1
67.5
65.35
65.1
66.7
64.65
63.85
69.9
72.4
73.75
72.55
72.9
72.55
73.25
72.7
74.8
73.45
74.95
75.5
73.4
74.3
76.9
77.65
77.9
77.5
78.6
77.1
76.55
77.65
76.3
76.75
76.2
77.05
79.8
79.15
77.85
