11.155
11.295
11.4
11.36
11.305
11.355
11.36
11.34
11.19
11.415
11.305
11.32
11.43
11.495
11.2
11.335
11.36
11.235
11.49
11.405
11.36
11.41
11.445
11.555
11.46
11.46
11.16
11.055
10.99
11.1
10.58
10.49
10.515
10.245
10.31
10.235
10.6
10.7
10.59
10.595
10.915
10.95
10.925
10.965
11.145
11.33
11.2
10.965
10.7
10.71
10.89
10.525
10.685
10.575
10.705
10.555
10.67
10.395
10.525
10.435
10.34
10.29
10.41
10.345
10.62
10.49
10.555
10.46
10.5
10.735
10.615
10.55
10.37
10.65
10.725
10.59
10.66
10.8
10.71
10.72
10.86
10.91
10.675
10.905
10.955
10.815
10.935
11.085
11.125
11.26
10.94
10.8
11
10.74
10.81
11.09
11.125
10.89
10.915
11.07
