1.8608
1.8716
1.8556
1.8776
1.851
1.8398
1.8222
1.8006
1.8238
1.8486
1.7702
1.6124
1.6314
1.601
1.5402
1.478
1.4146
1.3938
1.4152
1.4916
1.5222
1.5562
1.541
1.5366
1.5806
1.5638
1.5546
1.5408
1.613
1.629
1.6672
1.6736
1.677
1.6496
1.6686
1.6334
1.5874
1.588
1.6082
1.6068
1.6216
1.5814
1.6076
1.6142
1.6376
1.6362
1.712
1.7408
1.756
1.7714
1.7742
1.7716
1.8002
1.7572
1.7964
1.778
1.7738
1.789
1.802
1.75
1.82
1.8052
1.83
1.75
1.8222
1.8146
1.816
1.8
1.8196
1.75
1.83
1.8604
1.8692
1.8638
1.809
1.8002
1.8404
1.845
1.8106
1.7132
1.7004
1.7346
1.789
1.786
1.7964
1.8156
1.8494
1.875
1.8848
1.859
1.8318
1.8396
1.814
1.7864
1.7808
1.7656
1.7314
1.7632
1.7814
1.65
