7.847
7.584
7.439
7.852
7.926
8.001
8.084
7.906
7.9
8.111
8.295
8.246
8.218
8.42
8.337
8.376
8.371
8.232
8.45
8.258
8.395
8.6
7.91
7.738
7.728
7.78
7.7
7.623
7.45
7.406
7.346
7.419
6.9
6.076
6.083
6.382
6.48
6.155
5.839
5.791
5.86
6.202
6.463
6.616
6.415
6.443
6.497
6.354
6.324
6.206
6.229
6.245
6.659
6.67
6.699
6.566
6.62
6.343
6.178
6.073
6.038
6.036
6.188
5.9
5.925
5.852
5.989
5.965
6.571
6.827
7.007
7.096
7.157
7.049
7.14
6.975
6.97
7.008
6.826
6.812
6.795
6.89
7.074
7.003
7.041
6.98
6.829
6.542
6.696
6.7
6.738
6.867
6.951
6.938
7.098
7.056
6.749
6.618
6.48
6.171
