25.71
25.53
25.28
26.15
26.57
26.45
26.82
27.34
26.54
26.73
27.14
26.91
27.53
27.59
27.93
27.94
27.89
27.76
28.25
28.05
28.14
27.8
27.23
27.19
27.32
27.68
27.24
27.9
26.39
26.31
26.6
27.03
26.4
22.98
23.31
22.38
22.01
21.43
21.51
21.37
22.01
22.67
23.78
24.01
24.01
23.88
23.98
24.08
23.85
23.53
24.02
24.13
24.19
24.28
24.22
24.24
24.53
24.01
24.22
24.53
23.79
24.07
24.32
23.62
23.68
24.36
23.96
24.38
25.11
25.22
25.61
23.8
22.48
23.48
23.46
23.02
23.17
23.01
23.82
23.45
23.25
23.73
24.01
23.6
23.83
23.57
23.65
22.8
23.16
23.47
22.96
23.55
23.67
23.97
24.02
23.83
22.7
22.5
22.4
22.73
