124.1
123.36
125.48
126.6
127.46
126.5
125.46
126.08
124.28
124.12
119.9
119.38
121
120
118.76
117.1
117.56
118.48
121.5
121.26
122.62
122.4
121.66
122.28
124.68
126.66
125.26
125.7
126.42
129.52
127.4
126.62
124.92
125.34
125.1
126.12
126.28
126.64
125.2
126.46
124.9
123.52
124.84
123.24
123.28
125.9
125.52
125.98
126.24
125.44
125.56
124.7
127.08
125.64
127.76
125
126.5
129.68
126.2
129.02
128.44
129.2
128.16
128.36
128.38
128
126.64
127.14
125.72
126.24
125.44
125.5
126.4
125.52
126.12
125.38
123.84
124.52
124.68
125.74
122.02
124.46
124.26
125.88
125.9
126.8
129.4
127.9
130.38
130.7
130.84
128.64
130.44
128.36
128.4
125.9
125.54
125.44
127
126.86
