110.98
109.96
108.62
109.86
109.02
107.72
106.62
105.92
107.06
106.06
104.28
105.76
106.3
105.52
103.42
105
103.84
105.7
106.64
107.28
107.68
106.94
108.82
107.92
108.3
108.56
106.76
103.28
102.76
102.44
104.34
103.9
104.98
102.86
104.34
104.1
103.88
103.64
102.3
100.22
99.43
99.38
99.21
100.66
100.8
102.6
102.48
102.78
104.44
104.26
106
105
105.78
104.2
104.32
103.82
104.36
103.02
101.88
104.74
102.48
101.78
100.64
100.2
100.72
98.61
98.89
99.81
99
99.81
102.2
101.6
102.34
102.64
101.52
101.32
108.92
108.3
108.62
108.66
106.6
108.94
105.88
106.48
106.06
106.26
105.62
104
103.2
102.54
100.62
100.88
101.58
100.7
100.06
100.48
104.56
102.66
101.14
100.74
