72.82
72.8
71.7
71.36
71.72
74.32
71.52
70.9
70.12
69.04
68.1
68.44
69.34
68.74
69.36
67.8
66.26
67.12
67
64.44
70.1
70.42
70.32
70.38
67.9
68.12
66.7
71.72
73.3
73.54
72.44
71.38
71.92
71.04
71.54
69.92
70.46
69.52
69.58
67.82
66.84
66.56
68.14
69.66
70.76
71.68
71.7
72.04
74.2
77.9
79.64
77.7
79.24
78.7
80.42
77.82
78.62
77.96
77.38
78.54
76.86
74.98
73.18
74.8
73.98
72.06
72.32
73.24
72.6
72.2
75.08
74.96
74.78
74.04
75.6
76.12
76.32
71.9
71.76
70.38
68.88
71.36
70.22
70.86
70.48
70.18
71.32
69.86
69.34
68.26
68.38
70.12
69.68
69.32
68.42
69.66
69.3
68
67
65.8
