127.06
126.6
125.36
124.78
124.16
123.04
124.34
123.6
122.86
120.92
121.34
120.9
120.06
117.76
119.64
117.98
116.76
116.88
116.46
117.3
119.46
118
117.3
116.36
114.92
116.38
118.56
118.12
117.16
115.42
116.2
119.28
118.7
119.12
114.92
116.66
124.2
123.88
123.8
119.58
118.12
116.02
116.22
114.32
117.42
118.16
120.06
120.62
120.06
122.54
122.7
122.58
124.32
124.34
124.68
126.28
124.94
125.88
124.52
124.8
124.48
123.06
122.86
121.8
121.44
122.56
121.98
122.88
122.92
123.98
123.98
125.58
125.16
124.32
123.5
123.52
124.4
124.6
121.12
120.02
119
122.54
125.12
124.84
123.26
122.88
122.6
123.4
122.9
122.7
122.42
122.98
124.12
124.06
125
124.48
124.92
125.46
123.54
124.22
