6.21
6.17
6.27
6.5
6.24
6.685
6.82
6.735
6.68
6.425
6.69
6.675
6.875
6.7
6.715
6.56
6.34
6.11
6.19
5.975
5.2
5.35
5.505
5.45
5.235
5.235
4.902
4.992
5.065
5.04
5
4.79
4.47
4.628
4.932
5.03
4.81
4.822
4.872
4.978
5.105
5.225
5.25
5.045
5.06
5.05
5.07
5.055
4.934
4.822
4.792
4.98
5.05
5.1
5.515
5.7
5.725
5.69
5.785
5.805
5.83
5.88
5.91
5.95
5.98
5.84
5.865
5.85
5.885
5.915
6.095
5.86
5.99
6.18
6.265
6.295
6.345
6.365
6.27
6.41
6.355
6.825
7.145
7.14
7.24
7.295
7.42
7.285
7.155
7.015
7.1
7.22
7.28
7.43
7.5
7.725
7.67
7.86
7.74
7.585
