9.876
9.786
9.75
9.6
9.738
10.01
9.878
10.055
10.095
10.15
9.994
10.03
9.646
10.07
10.15
10.385
10.45
9.756
9.454
9.478
9.89
9.828
9.884
9.2
9.136
9.23
9.548
8.914
7.436
7.988
8.016
8.034
7.61
7.372
7.242
7.284
7.622
8.05
8.494
8.044
7.834
8.22
7.99
7.556
7.566
7.816
7.808
8.038
8.026
8.19
7.716
7.644
7.16
7.052
7.3
7.36
7.258
7.414
7.05
7.288
7.564
7.446
7.788
8.602
9.054
8.804
8.658
8.67
8.496
8.682
8.858
9.008
9.096
8.896
8.552
8.64
8.73
9.004
8.984
8.766
8.8
8.744
8.62
8.43
8.7
8.394
8.306
8.626
8.782
8.89
9.028
8.486
7.976
8.098
8.198
7.654
7.27
7.478
7.694
7.932
