213
213.2
213.7
210.6
208.3
204.7
209
209
206.3
205.6
205.8
205.3
206.4
206.1
205.2
208.2
203.5
205.7
209.9
214.9
213.9
215.5
215.6
213.5
215.1
213.1
213.6
211.6
213.3
213.7
216.1
216.6
217.8
222
220.4
221.8
210.6
213.6
202
200.5
195.25
188.2
187.85
185.85
192.5
192.15
198.8
194.45
196.05
195.4
197.2
199.1
195.45
200.7
202.4
204.5
202.7
202.4
201.9
200.4
199.5
199.65
201.4
201.9
202.3
204.1
198.15
200.5
202.9
202
200.1
209
210.6
211.4
213.3
212.3
211.7
211.9
207.7
213.2
207.4
212.4
217.1
210.8
210.8
211.8
213.3
213.4
211.3
211.6
206.2
206.7
208.8
207.6
209.5
210.7
210.7
211.4
210
206.1
