312.55
314.9
319.55
318.9
320.4
313.75
312.5
313.45
314.2
313.6
303.25
316.2
324.85
312.45
307.15
299.05
300.1
303.95
307.05
307.1
312.85
310.7
309.55
320.35
327.8
331.25
329
333.65
328.9
328.75
328.45
326.5
324.4
325.3
326.05
324.7
327.3
329.95
333.65
338.35
327.3
321.4
334.4
331.05
323.4
334.85
336.55
335.95
330.1
330
327.25
323.05
324.5
325.35
323.4
329.85
334.1
325.8
326.05
343.15
334.7
332.8
335.95
329.05
325.85
329.95
329.4
330.05
335.5
333.35
336.8
336.1
332.5
326.85
321
324.05
325.25
319.95
319.5
326.15
328.45
330.35
323.1
331.85
336.95
332.05
324.25
318.9
320
318.9
318.1
307.15
311.85
307.3
304.7
309.05
319.1
321.6
322.95
324.9
