304.7
309
302.4
302.7
302.4
301.7
302
304.8
304.1
306.4
304.9
306.4
306.4
307.1
309.3
302
304.3
296
306.3
312.3
310.8
314.7
316.8
317.4
314.3
317.6
319
315.4
310.9
297.2
298.7
300
290.3
283.8
277.8
279.4
278.7
287
285.3
288.5
285.3
286.6
290.4
288
291.7
284.5
290.4
287.1
287.3
279.9
278.7
278
279.1
279.9
281.5
282.5
277.6
281.4
278.6
270.9
274.5
277.4
275.5
270.8
279.1
279.2
282.8
283.2
283.5
282.1
281.5
281.6
275.3
279.1
274
281.9
281.2
276.9
278.8
278.6
280.6
280.6
279.9
279.9
274.9
279.5
281
279.1
279.5
276.7
282.8
282.5
277.4
275.9
277.9
279.4
281.7
279.2
278.3
281.5
