62.76
63.12
63.92
62.76
62.56
61.86
62.6
63.34
62.8
61.62
60.74
60.2
61.76
61.86
60.82
59.28
58.76
58.92
58.48
59.2
58.66
59.48
58.22
58.12
58.04
55.1
54.3
53.82
54.98
53.72
53.32
51.44
50.78
50.6
51.56
48.8
45.12
45.66
45.88
45.62
44.03
43.52
43.38
43.37
45.95
46.61
48.33
47.83
47.87
48.76
49.75
50.44
49.52
50.98
50.64
51.14
51.5
51.18
50.54
49.74
49.48
47.86
48
48.95
49.87
50.78
49.79
49.48
49.6
49.41
49.24
52.42
51.86
51.98
51.5
51.86
51.68
51.06
49.35
49.8
49.04
49.13
49.95
49.3
49.01
49.06
50.5
51.02
50.36
51.78
50.08
49.55
49.31
48.22
48.19
48.07
47.5
49.5
49.48
47.69
