181.18
180.64
183.22
181.36
181.5
180.42
180.6
185.14
179.6
181.72
181.78
183.04
186.82
185.32
183.98
182.3
184.94
184.52
188.82
188
192.82
192.7
192.4
192.66
194.24
196.94
194.82
194.16
193.66
190.92
189.34
191.22
193.48
192.68
191.48
190.08
188.34
189.1
186.84
189.7
184.82
184.82
186.72
183.58
182.7
186.24
188.16
190.22
187.78
185.7
183.42
184.26
184.42
183.32
179.9
179.38
180
182.26
178.18
179.48
181.12
180.54
180.76
179.66
180.22
179.36
177
176.24
175.4
175.82
174.94
174.74
174.88
174.4
173.54
174.06
168.8
168.18
168.44
165.5
163.14
165.32
168.3
167.56
171.28
169.82
170.36
171.34
168.44
166.72
167.3
167.48
167.42
166.18
165.86
162.78
163.24
163.58
165.22
166.18
