500.3
502.6
505.5
507.6
508.8
499.9
500.5
497.7
494.85
494
492.9
497.95
495.9
497
491
495.95
498
494.45
494.35
492.05
492.3
488.35
485.85
475.55
477.4
469.5
473.45
487.45
474.35
468.2
435.3
435.9
422.1
409.4
406.1
402.9
403.85
402.3
418.4
421.35
427.5
427.85
427
428
432
432.1
402.5
411.75
417.2
418.8
414.95
407.6
410.4
410.6
412.4
410
409.1
399.75
410.05
405.3
399.9
401.5
400.7
390.7
395.05
416.15
422
426.95
420
420.65
415.1
404.75
403
405.15
407.3
404
406.1
402
396.1
392.2
394.85
400
403.95
399.1
393.7
383.5
382.2
385.5
385.65
387.65
385.6
391.3
391.5
382.75
373.25
373.9
374.95
375.05
371.75
371.8
