93.82
91.92
90.78
90.46
91
89.88
92.18
94.72
94.18
92.14
93.7
93.36
92.68
91.02
94.04
91.32
93.76
93.3
93.58
93.9
94.14
94.5
91.48
91
91.04
90.9
91.2
89
88.86
86.82
88.16
87.68
88.16
89.2
88
89
92.38
95.58
98.22
90.88
88.62
87.56
86.9
84.7
85.72
85.48
88.08
89.14
89.2
91.94
94.44
96.3
94.2
98.24
97.3
102.8
101.35
98.5
97.36
99.16
99.3
98
103.5
108.35
108.3
108.15
107.4
106.1
110.3
109.95
110.55
116.15
114.95
113.4
110.15
109.65
107.05
105
104.25
106.55
101.7
103.6
104.65
103.65
105.45
103.5
104.7
105.15
105.95
107.25
108.35
107.35
109.35
107.5
109.95
108.3
111.65
110.65
111
106.1
