135.5
136.9
139.1
137
134.2
135.95
133.25
134.8
135.55
136.65
135.55
136.65
137.4
135.2
134.7
133.85
133.4
131.4
129.2
130.7
129.9
130
128.45
128.5
131.05
132.2
131.75
131.1
131.8
129
133.25
136.3
136.2
135.8
133.1
129.4
127.15
132.5
134.75
135.2
130.85
131.85
127.95
125.05
124.6
124.3
125.2
123.8
128.35
130.55
131
131
130.35
129.3
128.35
128.45
127
125.95
124.55
125.2
125
124
123.7
124.7
123.8
124
126.75
124.05
124.3
122.6
123.15
122
120.2
117.8
118.15
115.3
115.6
118.05
114.85
113.65
113.25
113.8
114.8
115
114.3
111.8
113.35
114.6
114.15
114.85
114.4
115.95
116
113.7
112.45
113.55
113.3
111.55
110.15
112.3
