176.5
176.8
176.94
177.86
176.68
180.68
180.66
179.58
178.26
176.34
179.7
178.2
179.46
181.14
183.26
181.66
183.54
183.4
179.58
190.88
187.42
188.6
185.36
177.14
173.78
173.18
175.5
174.44
179.64
178.12
180.8
180.3
181.02
181.06
185.34
188.48
186.62
188.94
191.06
186.32
181.72
178.68
177.08
176.48
177.32
176.98
181.08
179.74
177.62
179.78
176.88
175.42
175.06
173.62
167.92
167.14
171.66
175.38
176.62
173.78
171.06
177.42
180.76
175.58
179.92
177.32
184.06
194.32
189.36
189.04
191.74
191
186.04
182.22
181.22
181.06
178.8
178.36
177.06
176.84
176.06
177.5
177.18
175.54
177
179.6
180.58
179.58
180.88
181.86
170.44
171.78
173.02
174.24
171.58
173.56
178.52
181.22
182.66
181.42
