214.1
216.9
207.3
203.6
205.2
204.5
207.9
207.5
206
206.2
209.5
208.3
205.5
206.8
208
211.6
206.3
203.7
197.95
204.4
205.1
205
208.5
196.9
194.65
196
201.3
205.3
204.1
193.45
190.65
193.15
202
191.5
164.2
166.3
161.55
157.5
149.3
146.55
144.9
150.8
155.35
161
169.3
158.65
154.95
159.9
154.85
153.75
147.5
149.55
150.35
153
156.25
156.75
151.5
152.05
145.3
141.75
144.3
142
141.95
142
136.2
135.45
138.75
141.25
141.95
154.25
158.6
159.45
156.7
158.95
156.85
157.25
161.7
164.65
158.95
159.7
160.5
154.65
155.25
157.8
160.45
156.15
156.25
152.95
145.45
146.6
149.7
148
150.8
150.8
153.6
155.7
160.55
154.5
147.9
149.45
