244
238.4
232.8
239.3
240
238.2
239.4
241.5
241.4
243.8
242.5
233.6
235.8
238.2
239
242.7
235.2
234.8
236.1
244.3
242.2
238.6
234.5
231.6
233.8
243.1
231.8
205.8
208.4
215.6
211.5
204.5
200.8
201.4
199.95
202.5
207.2
211.5
208.5
206.9
211
212.2
210
209.5
214.4
217.1
221.3
218.5
220
217.1
221.8
221.9
216.2
215.6
216.6
218.1
222.4
214.8
218.4
220.4
221.2
223.4
240.6
240.1
244.5
244.5
244.7
247.2
247.6
243.3
245.5
241.3
246.8
248.5
244
241.7
245.3
241.3
244
243.4
240.9
236.3
238.3
239.3
234.8
233.8
234.8
235.8
239.2
234.9
232.4
231.1
228.3
232.7
231.4
234.2
224.8
225.9
235.2
235.1
