63.12
63.8
62.5
62.12
62.16
63
63.3
63.2
63.52
61.3
61.78
63.22
65.92
67
67
67.3
67.84
66.64
68.74
63.86
64.26
64
64.18
64.5
64
63.54
62.26
62.96
62.92
63.92
61.18
59.86
59.76
59.5
60.5
57.88
58.4
56.72
56.88
55.82
54.94
56.18
56.68
59.34
60.44
61.9
62.36
62.6
62.22
61.58
60.44
58.48
60.06
59.14
60.1
60.32
60.2
60.66
60.56
59.82
58.4
58.08
58.14
58.2
58.5
57.84
58.12
58.5
59.22
59.42
61.46
61.7
61.44
61.1
60.9
61.12
61.62
60.18
60.34
59.08
57.88
59.5
59.64
60.14
58.94
57.9
59.02
57.86
58.58
58.56
59.08
60.22
60.08
60.2
58.84
60.64
62.22
59.92
59.7
59.12
