60.4
61.4
60.95
61.15
61.15
60.4
60.75
59.3
58.85
58
57.1
57.85
57.5
58.2
57.55
57.8
57.95
56.65
59.4
60.8
66.3
65.05
64.55
62.3
61.7
62.9
65.2
63.9
63.2
63
63.45
64
64.7
65.05
62.35
65.5
66.5
66.45
63.8
61.05
60.05
62.1
64
57.35
58.2
57.35
60.15
60.6
61.55
63.8
63.3
63.55
63.5
64.6
65
66
64.55
64.55
60.3
61.5
62.75
61.85
63.3
62.5
63.3
62.6
61.65
61.8
62.5
63.05
61.55
65.35
63.8
64.8
62.8
63.45
62.55
62.8
62.6
64.6
61.4
67.8
68.7
66.8
66.6
66.15
66.7
67.85
66
64.8
63.65
62.65
63.25
63.2
64
61.85
64.05
62.8
62.35
60.95
