3.201
3.1685
3.12
3.241
3.293
3.2685
3.348
3.279
3.306
3.4305
3.47
3.45
3.3485
3.28
3.3155
3.302
3.34
3.349
3.42
3.3825
3.44
3.38
3.2965
3.2985
3.247
3.308
3.29
3.265
3.203
3.192
3.15
3.121
3.096
2.944
3.0115
2.936
2.8815
2.82
2.897
2.8195
3.465
3.574
3.5685
3.589
3.594
3.599
3.562
3.57
3.45
3.412
3.4745
3.4505
3.402
3.4635
3.343
3.298
3.3725
3.358
3.278
3.2705
3.3515
3.399
3.3145
3.232
3.284
3.3915
3.3465
3.33
3.4215
3.4935
3.527
3.5115
3.464
3.49
3.494
3.55
3.674
3.7495
3.8475
4.0115
3.9505
4.068
4.1705
4.2395
4.2605
4.2235
4.231
4.195
4.24
4.263
4.236
4.252
4.19
4.2465
4.265
4.24
4.175
4.2185
4.1755
4.16
