56.95
56.72
56.24
56.67
56.99
57.87
57.85
57.36
57.28
57.8
59.5
60.68
60
56
55.88
55.31
57.32
56.54
58.21
59.13
59.52
59.32
59.66
60.55
60.3
60.72
60.14
61.34
62.67
62.13
61
58.95
58.72
58.73
59.5
58.92
59
59
59.93
59.63
58.81
58.32
59.67
58.41
57.92
58.59
58.38
57.59
57.32
56.1
55.95
56.02
55.08
55.65
54.64
55.27
55.88
55.17
55.16
55.28
56.15
56.18
56.28
55.96
56.3
56.11
56.47
55.6
56.45
55.61
56.58
57.25
55.73
55.14
55.11
53.62
54.73
55.26
56.29
55.55
56.85
56.66
57.36
57
56.67
57.97
59.12
59.99
60.14
58.65
57.32
58.32
57.41
58.5
57.8
58.11
58.01
58.11
58.38
58.5
