448.05
448.65
453.25
452.2
456.45
448
459.55
450.65
441.25
487.85
480.65
479.9
465.45
442.35
434.25
429
446.6
438.45
450.15
448.6
452.8
451.05
457.35
460.3
467.5
473.75
476.55
481.2
488.3
479.1
463.55
470.85
474.35
472
458.35
454.1
462.15
460.85
449.35
442.55
432.1
428.7
428.5
419.2
411.85
414.7
422.1
432.25
435.9
436.4
416.75
427.9
426.8
416.95
422
407.85
444.7
480.8
461.5
435.4
438.95
435.3
432.4
431.05
425.1
425
413.8
410
410.05
412.65
392
390.9
382.85
376.05
377.4
386.85
380.35
379.75
377
372.35
358.8
355.3
356.15
351.25
350.55
355.9
361.7
361.3
360.3
364.25
355.9
348.95
358.25
355.3
376.35
374.25
366.05
353.4
354.8
349.8
