2.255
2.287
2.282
2.289
2.233
2.28
2.313
2.273
2.253
2.238
2.273
2.264
2.328
2.363
2.331
2.354
2.364
2.36
2.327
2.334
2.314
2.394
2.377
2.393
2.299
2.294
2.335
2.328
2.374
2.391
2.397
2.382
2.359
2.313
2.302
2.285
2.25
2.294
2.268
2.317
2.308
2.167
2.179
2.252
2.193
2.199
2.221
2.207
2.19
2.248
2.215
2.239
2.239
2.267
2.313
2.264
2.225
2.253
2.179
2.211
2.205
2.136
2.134
2.189
2.166
2.211
2.204
2.241
2.288
2.329
2.296
2.397
2.401
2.409
2.4
2.396
2.409
2.374
2.328
2.349
2.291
2.332
2.359
2.301
2.316
2.337
2.379
2.386
2.371
2.391
2.325
2.337
2.396
2.36
2.376
2.4
2.392
2.375
2.313
2.31
