47.405
47.255
48.005
48.155
48.43
47.93
48
48.945
48.04
49.195
47.73
48.17
49.26
48.935
49.03
48.19
47.98
47.57
48.59
48.58
50.68
49.96
50.26
50.55
50.95
51.84
51.71
52.12
52.07
52.31
51.79
51.87
51.33
50.98
50.6
50.66
51.08
51.01
50.92
51.44
51.11
50.84
50.76
50.96
51.62
50.58
50.67
51.62
51.72
50.59
49.505
48.725
48.225
46.79
47
47.08
48.44
49.2
48.42
48.19
48.44
48.435
48.145
47.78
47.28
46.515
46.79
47.355
46.37
45.455
45.995
45.53
46.135
46.725
47.01
46.58
46.49
46.925
47.4
47.45
46.64
46.955
47.295
47.285
47.42
47.855
48.34
48.39
48.845
48.17
48.17
48.92
49.86
50.03
50.77
50.44
50.42
49.52
50.32
50.19
