52.04
51.98
52
52
51.98
51.78
52.04
51.82
51.8
51.9
51.84
51.7
51.78
51.96
52.14
52
52.2
51.92
51.9
52.08
51.8
52.08
51.9
51.9
51.98
52
51.96
52
51.68
51.98
52.08
51.9
52
51.84
51.62
51.24
51.8
51.8
51.7
51.5
51.46
50.4
50.5
50.78
50.9
50.88
51.1
51.02
51
51.24
51.22
51.5
51.5
51.56
51.8
52.08
52.3
52.58
52.5
52.42
52.24
51.58
51.42
50.84
50.88
50.66
50.24
50.14
49.52
43.4
43.52
43.02
44.25
43.96
43.33
43.4
43.6
43.51
43.15
43.16
43.25
43.2
43.1
43.3
43.75
43.3
43.24
43.2
43.25
43.31
43.81
43.51
43.4
43.8
43.66
43.75
43.75
43.45
43.5
44.09
