43.91
43.2
44.95
44.145
43.885
43.235
42.89
42.695
43.105
42.77
42.73
42.92
42.86
42.945
42.935
43.535
43.28
43.06
42.735
42.475
42.52
43.255
43.515
43.32
43.9
44.315
44.75
44.8
44.95
45.29
44.685
44.72
43.025
43.12
42.435
41.225
40.36
40.11
40.285
40.37
41.56
41.42
42.225
41.76
42.13
43.27
42.395
41.4
40.11
41.205
41.18
41.315
40.5
40.13
39.905
40.33
40.915
40.11
40.29
40.23
40.42
40.07
38.53
38.465
38.74
38.625
38.635
39.44
39.345
39.82
40.125
39.635
40.025
40.185
40.22
40.2
38.955
39.31
41.065
40
39.87
41.3
42.065
42.515
43.315
42.99
42.51
43.63
43.915
43.79
44.245
44.4
44.8
45.295
44.505
44.3
44.655
43.605
44.5
44.425
