610
613.9
612.6
623
620.1
619.4
609.8
609
623.7
610.7
601.6
567.7
565.4
553.8
543.5
527.3
518.7
519.7
520.6
545.6
548.6
556.1
574.3
577.1
589.1
592
589.7
566.1
580
589.4
588.8
577.8
576.8
582.6
580.3
583.2
581
582.6
568.4
575.9
574.2
566.1
569.3
578.3
568.2
577
588.5
595.8
600.3
587.8
576
567.1
559.4
553.9
559.9
554.8
562.8
553
518.6
520.4
520
521.8
520
512.5
502.5
495.35
493.65
499.15
498.45
498.35
502.7
507.2
500
494.85
482
479.35
485.4
491.7
481.6
489.95
480.9
491.35
502.2
483.7
495.3
492.45
504.3
506.5
525.2
515.5
516.4
517.5
522.4
506.5
505
497.65
500.6
492.45
499.1
502.6
