118
117.34
119.38
120.5
120.86
120.92
119.66
121.1
118.72
120.28
121.08
120.8
122
121.62
119.44
117.4
117.64
117.4
120.7
118.56
120.4
119.72
121.48
121.46
122
123.98
122.74
122.54
122.64
122.72
120.98
120.28
119.26
118.68
117.64
117.64
118.88
118.54
116.64
119.86
118.22
116.76
118
117.9
115.22
115.54
116.06
117.42
117.2
116.98
116.82
116.58
117.18
115.02
117.78
115.96
117.82
117.96
115.12
115.68
115.72
117.62
117.3
117.02
117.06
115.98
114.98
114.26
115.18
114.14
114.12
114.6
114.7
113.54
113.6
112
111.7
112.36
112.8
112
110.04
111.52
109.54
108.88
107.48
108.16
109.3
108.2
110
109
109.5
108.52
110.86
109.06
110.18
108.94
108
108.02
108
107
