12.825
12.68
13.2
13.18
12.7
12.855
12.805
12.35
12.45
12.135
12.43
12.465
12.45
12.7
12.355
12.52
12.53
12.68
12.75
12.93
12.4
12.265
12.365
12.4
11.9
10.95
10.87
9.98
9.84
9.886
9.58
9.522
9.89
10.17
10.94
11.33
10.84
10.67
10.78
10.98
11.085
10.925
11.28
11.195
11.35
11.555
11.63
11.22
11.43
11.095
10.87
11.04
11.205
11.1
10.99
10.525
10.595
10.58
10.6
10.1
10.645
10.945
10.94
10.81
10.775
10.78
10.815
10.99
10.455
10.06
9.89
9.502
9.31
9.482
9.806
10.055
9.816
9.778
10
9.422
9.53
9.74
9.32
9.456
9.834
9.81
10.19
10.26
9.734
9.776
9.65
9.514
9.198
8.7
8.726
9.632
9.916
9.696
9.548
9.708
