91.92
91.94
90.5
90.06
87.54
89.52
88.46
85.82
84.18
84.44
86.52
86.48
87.36
87
87.56
86.42
87.16
84.54
84.6
83.36
82.12
82.12
81.94
82.44
84.36
84.62
83.96
84.82
82.84
82.24
82.48
81.34
80.18
79.84
84.4
79.9
79.78
77.7
75.5
75.22
75.04
76.16
76.56
79.54
79.42
82
80.46
80.9
81.4
81.6
79.84
79.3
82.24
81.76
79.8
78.02
78.08
77.28
77.24
78.1
79.38
79.18
76.86
76.92
77.68
76.78
76.1
77.94
74.88
73.54
75.44
75.9
75.3
74.54
74.44
72.86
71.74
69.52
69.54
68.34
70.72
71.12
69.4
69.18
69.42
70.12
71.2
70.14
69.8
69.12
69.08
69.5
70.44
70.18
69.48
71.18
69.34
69.16
67.8
66.94
