125.68
124.18
127.84
125.44
125.34
122.2
124
124.9
120.9
124.94
122.2
124.02
108.74
108.02
106.6
105.98
107.96
104.18
106.84
106.66
107.68
107.08
109.06
108.04
110.7
109.6
108.7
111.7
108.72
106.82
107.8
102.68
104.7
101
100.78
100.76
100
100.16
100.8
100.56
96.73
95.75
97.06
94.57
93.68
94.87
96.8
98.31
97.97
95.67
96.87
96.6
94.95
97.5
97.5
99.78
104.1
100
99.42
97.82
99.75
98.51
96.3
96.88
96.12
94.25
95.86
95.26
96.05
96.49
94.12
95.52
91.2
90.35
92.5
92.79
93.19
95
94.47
90.2
88.58
79.82
77.67
77.27
77.45
79.87
81.32
80.83
80.45
80.63
79.62
81
80.36
83.49
81.66
81.53
81.8
82.85
82.55
81.25
