42.45
42.44
42.8
42.6
43.06
42.95
43.16
42.02
42.3
41.83
42.79
43.04
42.29
40.89
42.09
40.32
39.76
39.32
39.52
39.62
40.41
40.67
40.44
39.56
38.9
39.81
40.2
40
39.31
38.83
39.36
40.25
40.1
39.99
38.76
39.07
43.5
43.24
43.32
42.32
41.58
40.77
41.01
41.85
42.32
41.29
41.95
42.7
42.94
44.3
45.09
44.95
44.58
45
44.31
46.5
46.2
46
46.3
45.78
45.12
44.2
44.75
44.3
44.35
44.21
44.45
43.58
43.42
42.74
42.12
42.55
42.45
42.5
42.4
42.15
42.21
42
41.08
41.04
39.54
40.1
42.6
42.6
42.57
42.3
42.89
44.11
43.72
43.75
44.07
43.52
44.1
43.94
43.1
42.36
41
41.31
41.18
40.23
