13.384
13.154
13.508
13.356
13.198
12.412
12.512
12.794
12.596
12.156
10.76
10.736
10.976
11.002
10.778
10.37
10.022
9.597
9.815
10.116
10.388
10.118
10.04
10.254
10.39
10.486
10.226
10.674
10.526
10.614
10.806
10.584
10.35
10.53
10.254
10.072
9.995
10.392
10.5
10.81
10.632
10.72
10.902
10.866
10.524
10.89
11.138
11.312
11.234
11.082
11.22
11.408
11.512
11.31
11.808
11.59
11.694
11.632
11.704
11.88
11.962
11.992
12.028
12.046
12.388
11.936
12.06
12.302
12.254
12.39
12.544
12.848
13.31
13.018
12.614
12.368
12.582
12.826
12.662
12.246
12.04
12.318
13.034
13.052
13
13.11
13.174
13.27
13.876
13.35
13.604
13.822
13.924
13.716
13.498
13.348
13.202
13.688
13.79
13.948
