87.62
86.1
86.58
85.7
84.2
86.84
86.08
84.76
83.28
80.06
78.64
78.68
79.4
78.3
78.72
78.94
77.22
76.96
77.6
74.56
76.72
76.42
78
79.24
77.52
76.5
75.38
74.36
75.52
75.8
73.24
74.8
76.1
78.56
71.3
67.28
69.48
68.76
66.76
64.12
62.7
61.92
63.3
65.62
70
72.5
71.8
73.1
74.68
73.92
73.62
72.68
74.48
75.42
76.84
78.66
76.74
76.06
78.6
78.86
76.56
77.24
76.76
76.54
76.06
72.5
73.1
75.08
75.26
75.12
80.6
81.66
82.42
81.9
79.8
78.34
78.76
78.14
79.52
78.34
78.08
78.44
76.24
77.54
79.74
79.5
78.86
79.04
79.5
76.66
76.86
78.36
79.18
79.12
78.14
78.5
79.46
80.06
78.12
80.86
