33.8
33.29
33.14
33.09
33.6
33.71
33.98
33.68
34.25
34.8
35
34.48
34.77
34.87
34.24
34.43
34.13
34.58
35
34.06
33.72
33.95
34.4
34.97
34.31
34.17
32.63
33.16
33.52
34.22
33.87
32.83
32.38
31.79
31.39
32.01
33.8
33.09
33.2
32.68
33.11
33.41
33.81
34.01
33.57
34.39
33.95
34.02
33.61
33.91
33.24
32.82
33
33.49
32.87
31.98
32
31.37
31.38
31.22
31.23
30.3
30.21
30.75
30.96
31.56
31.43
31.49
32
32.16
31.63
31.99
31.29
32.72
33.69
32.95
33.3
33
32.97
33.53
33.18
33.36
32.54
32.5
32.67
34.24
34.5
34.28
34.54
33.65
32.97
33.58
33.27
32.93
32.99
32.57
32.82
31.98
31.91
32.94
