148.2
142
142.2
142.4
140
138.6
134.4
141.2
143.8
142
145.6
141.2
141
138.6
133.4
134.2
129
130.6
135.6
132.2
133.2
131.6
126
124.8
130.8
135.8
133.4
126.8
127.4
138.6
139.6
141.4
134.6
128.4
132.8
163.8
165.2
152.2
145.6
147.4
142.4
150.4
147.2
151.4
144
150.8
153.4
156
153.8
161.2
162
159.6
157
156.8
159
149.8
142.6
147.6
142.8
155.8
152.2
152.8
149.4
153
150
143.8
142.6
149.2
152.6
148.2
146.8
136
131.8
136
130.8
127.6
130.6
128
130.6
122.4
130
147.2
157
159.2
160
157.6
161.4
157.6
159.6
155.8
154.8
159.4
153.8
149.4
140.8
142.8
134.6
136.8
136.2
141
