99.93
99.75
101.18
102.08
102.08
101.72
102.78
100.9
101.3
101.22
101.98
100.14
99.54
98.68
97.35
98.28
98.8
99.42
100
98.53
100.28
101.22
100.28
101.52
99.09
98.97
97.25
98.21
96.75
93.95
90.18
91.49
93.26
92.24
96.95
97.5
124.9
124.5
124.92
127.54
131
132.84
130.56
134.32
134.08
134.38
133.06
132.34
130.38
131.46
132.4
132.76
133.74
132.76
134.16
134.66
129.96
131.96
132
132.5
131
135.5
135.52
135.96
135.28
135.56
135.5
136.02
137.52
133.44
136.82
132.86
137.32
141.5
138.64
138.04
139.76
140.36
142.26
139.26
138.6
135.8
136.54
136.84
135.32
135.66
135.24
137.12
138.08
137.1
134.94
137.22
135.24
136
135.32
137.54
133.78
133.52
139.56
137.76
