80.45
80.65
79.8
79.4
77.35
78.45
79
78.15
77.8
76.6
77
76.35
78.3
77.65
77.35
78.45
78.25
78.25
77.9
75
75
74.9
74.8
75.2
74.85
75.55
74.55
75.4
75.55
75.55
74.35
73.35
69.05
67.35
67.75
60.2
60.55
62.6
62.9
62.6
62.05
61.1
62.1
62.3
61.95
63
62.75
64.45
65.55
66.15
66.45
64.4
67.5
68
67.35
69.95
68.8
68.35
69.2
68.5
67.25
65.75
66.4
65.75
66.3
63.9
62.95
62.3
65.8
65.85
71.1
71.15
70.2
71.05
69.95
68.05
68.15
68.7
67.9
66
67.6
66.85
66
65.25
66.5
66.8
65.7
65.1
64.5
64
63.35
63.35
62.25
62.45
65.15
63.05
64.35
64.45
61.05
59.5
