7.842
7.866
7.842
7.678
7.634
7.996
8.044
8.098
8.362
7.858
7.834
7.864
7.868
7.554
7.756
7.5
7.748
7.29
7.07
6.954
6.88
6.99
6.86
6.728
6.258
6.152
6.242
6.13
5.83
5.66
5.75
5.718
5.964
5.946
5.752
5.836
5.842
6.09
6.196
6.35
6.202
6.152
6.314
6.332
6.544
6.47
6.652
6.646
6.898
7.064
7.126
7.1
7.028
6.98
6.102
5.986
5.878
5.678
5.662
5.478
5.534
5.506
5.3
5.224
5.786
5.882
5.892
5.864
5.754
5.706
5.668
5.718
5.772
5.804
5.69
5.68
5.738
5.836
5.92
6.164
6.372
6.39
6.52
6.16
6.188
6.548
6.404
6.14
6.05
6.282
6.928
6.998
6.796
6.48
6.44
6.32
5.98
5.748
5.614
5.642
