42.195
42.35
41.65
41.485
40.855
41.68
40.985
41
40.665
40.455
41.51
41.14
40.55
40.37
40.195
39.775
39.74
38.4
38.325
38.55
38.34
37.95
37.55
37.265
37.655
37.875
37.275
37.56
37.625
38.585
38.955
38.74
38.935
39.02
39.18
38.62
38.32
37.775
37.275
36.68
36.855
36.68
36.92
37.65
37.665
38.135
38.3
38.02
37.985
38.355
38.29
37.995
38.345
37.45
37.505
37.615
37.015
37.265
37.48
37.09
37.06
38.48
38.3
38.215
38
37.1
37.25
37.66
37.45
37.225
38.4
38
37.735
38
37.64
37.94
38.165
37.615
37.265
36.69
36.38
38.32
37.655
38.1
38.16
38.115
38.89
38.99
39.3
39.22
39.445
39.62
39.75
40.705
40.92
41.38
41.5
41.395
41
41.285
