117.52
117.4
119.3
117
114.34
113.66
117.82
116.6
115.66
114.68
112.7
112.68
113.52
113.9
114.4
112.42
113.3
111.92
112.92
112.94
112
112.68
111.36
112.36
112.38
111.68
109.58
109.8
111.12
111.6
112.3
113.04
113.72
117.52
118.4
116.48
108.64
110.08
107.46
106.28
103.4
100.7
100.64
100.1
106.52
107.52
109.66
109.02
108.68
110.74
110.46
110.96
109.34
112.4
111.24
112.44
111.56
110.84
109.24
108.92
107.32
105.88
106.66
107.88
108.64
109.96
111.68
113.5
112.34
113.02
112.16
117.64
119.04
118.68
116.9
116.84
117.16
117.62
115.44
117.26
115.7
116.84
119.12
116.86
115.66
118.22
119.2
120.1
118.64
119.28
115.94
116.36
118.02
116.66
116.42
116.22
117.44
118.38
117.44
115.74
