78.72
78.48
77.39
76.42
78.06
78.6
82.2
81.79
82.49
82.59
83.93
83.05
83.77
84.39
85.03
85.67
84.87
83.88
84.37
84.28
85.93
85.5
85.94
84.99
85.77
85.63
86.18
87.05
84.89
84.75
83.54
85.54
86.58
81.61
79.49
77.58
78.31
79.14
81.11
82.99
83.2
82.91
83.5
84.55
85.53
86.15
84.56
86.93
87.41
86.5
86.42
85.43
83.91
84.76
86.78
85.63
85.42
85.6
86.61
87.3
87.1
87.22
87.05
85
85.77
88.46
88.28
88.29
88.4
86.86
87.4
86.53
85.74
84.96
83.37
83.72
85.2
83.79
84.7
85.1
86.05
87.5
87.39
87.34
85.93
87.16
87.61
87.24
86.57
84.9
87.09
87.99
87.71
86.8
86.85
86.1
87
88.42
90.45
88.75
