33.34
33.62
33.58
33.16
33.44
32.9
33.8
34
33.54
33.86
33.98
34.1
34.48
35.4
35.9
36.24
35.94
36
35.72
35.76
36.06
36.92
36
35.96
35.94
36.36
36.94
35.9
37.02
33.12
33.58
33.78
33.68
33.56
32.66
33.32
33
33.02
32.62
31.8
30.66
30.76
30.5
30.86
32.4
32.5
34.08
34.62
34.52
35.54
36.18
36.34
36.58
37.5
37.76
37.86
39.7
39.46
38.76
39.94
40.64
40.58
41.72
42.08
42.5
42.16
41.58
42.2
42.38
42.02
42.04
42.48
42.58
43.3
43.46
43.86
43.02
43.78
42.7
43.42
41.88
41.72
42.86
42.58
41.78
41.5
42.02
42.86
41.92
41.82
41.42
41.16
41.24
41.06
40.92
40.88
41.46
41.3
40.88
40.24
