84.04
85.28
84.84
85.5
85.1
84.54
85.62
85.5
86.04
86.72
88.52
88.02
88.3
88.12
85.68
88.12
88.48
88.24
88.84
86.18
85.84
86.8
87.12
87.08
86.92
85.66
83.46
85.28
88.02
86.16
73.44
74.26
73.74
72.52
70.24
66
66.36
67.02
69.2
70.66
72.7
71.8
71.8
74.38
73.96
72.12
71.86
73.98
72.82
74.9
75.16
76.44
75.96
76.18
74.24
72.46
70.32
71.5
72.3
72.44
71.04
71.16
72.14
71.68
72.78
75.1
77.16
77.16
77.28
77.9
77.32
78.1
78.32
81.28
80.3
80.22
79.96
77.04
79.32
81.5
81.82
82.62
83.08
81.84
80.34
80.3
79.54
79.86
79.92
80.52
82.2
82.72
82.54
80.14
78.44
78.42
77.92
75.44
75.66
72.8
