82.03
82.17
83.5
82.63
82.42
79.84
79.58
80.82
79.31
82.45
76.6
76.8
77.62
75.24
74.19
74.64
75.54
74.3
75.94
75.5
75.78
74.72
74.63
75.16
75.49
75.82
75.56
75.91
77.21
76.72
76.16
75.52
75.18
75.07
75.1
73.89
74.2
74.02
72.38
73.39
71.91
71.05
72.34
71.19
70.23
72.32
73.2
75.11
74.11
72.88
71.77
72.83
73.82
72.81
73
73.04
73.48
71.34
70.72
70.86
70.28
69.65
68.62
66.74
65.53
64.97
66.31
66.17
66.08
66.52
67.05
66.91
67.22
65.05
63.88
63.68
63.94
64.09
64.89
64.75
64.21
65.81
64.23
64.71
64.99
65.53
65.97
66.78
64.58
64.6
64.79
65.99
63.64
65.61
64.83
64.01
65.22
66.27
66.07
65.88
