344
336.4
342.2
347.2
349.6
346
340.6
350.6
348.6
362.6
360
361.6
359.6
368.8
363
361
361.8
365.8
369.6
382
364
362.4
355.4
352.2
373
373
370.2
363.2
361.8
368.2
377.4
372.2
370.2
351.8
368.2
401.2
404.2
393.2
367.2
362
363.4
375.4
381
383
379.4
383.4
394
383.2
384.4
373.4
373.6
368.8
382.2
385.8
385
380.6
375.8
372.4
369
377.4
364.2
360.6
350.4
351.4
346.8
344
333
341
340.6
338.4
344.2
333.6
338.4
330.2
328.2
328.6
328.6
323.6
339.8
324.4
326.2
360.8
354.6
355
346.8
348
357.8
355
351
351.2
349.4
349.8
348.2
350.8
344.6
349.8
341.6
332
332.2
338.6
