109.25
108.7
107.55
108
107
107.8
106.15
105.05
103.65
106.35
106.45
106.15
105.75
106.3
103.2
103.25
103.05
104.5
105.25
105
105.35
103.35
102.6
101.5
103.55
106.55
105.2
104.45
103.2
103.3
105.05
105.2
104.5
102.8
104.85
110
110.55
109.95
106.5
106.05
105.85
106.95
110.8
113.75
112.75
114.05
114.5
114.5
115.35
116.4
117.6
116.8
117.85
118.7
119.25
117.25
116.6
116.9
115.1
119.75
119.35
118.75
118
118.65
117.5
117.75
118.25
118.75
117.35
118.15
119.2
117.85
118.25
117.45
116.95
116.8
116.5
114.15
115.6
113.55
114.4
117.5
115.35
115.55
114.3
115.85
116.8
115.3
115.45
114.55
113.45
113.9
113.75
114.55
112.9
114
113.45
111.7
110.9
112.25
