11.69
11.74
11.4
11.44
11.36
11.5
11.54
11.52
11.56
11.93
13.15
13.3
13.3
13.34
13.35
13.42
13.18
13.2
13.37
13.3
13.42
13.18
13.23
13.27
13.11
13.18
13
13.43
13.57
13.53
13.09
13.16
13.5
13.28
13.12
13.04
12.95
13
12.66
12.39
12.36
12.32
12.09
12.6
12.48
12.8
12.62
12.64
12.8
13.08
13.18
13.3
13.92
14.1
14.3
14.54
14.61
16.56
16.53
16.37
16.44
16.68
16.5
16.69
16.66
16.46
16.54
16.67
16.73
16.61
16.93
16.98
16.99
17.08
16.9
17
17.19
16.96
17.1
16.91
17.39
17.2
17.26
17.12
17.2
17.54
17.52
16.34
15.9
15.66
15.68
15.77
15.73
15.91
15.87
15.8
15.55
15.32
14.39
14.35
