25.9
25.46
25.14
24.5
24.24
24.38
24.52
24.74
24.4
24.3
24.4
24.42
24.38
24.1
24.66
24.26
24.28
24.24
24.02
24.46
25.06
24.4
24.58
24.38
24
24.54
24.74
24.9
25.04
24.5
24.54
25.2
25.74
26.5
25.32
26.38
27.14
27.06
27.1
26.1
25.84
25.3
25.44
24.9
25.58
25.52
26.18
26.3
26.22
26.44
26.58
26.76
26.66
26.76
26.62
26.74
26.44
26.4
26.26
26.34
26.26
26.12
26.26
25.74
25.5
25.8
25.24
25.26
25.22
25.5
25.38
25.9
26.1
26.26
25.88
25.88
25.86
26.06
25.62
25.56
24.92
25.72
25.82
25.4
25.04
24.94
25.16
25.36
25.1
25.18
25.44
25.44
23.8
23.76
24
23.84
23.94
24.06
23.74
23.9
