6.36
6.02
6.112
5.954
5.79
5.838
5.926
5.602
5.564
5.626
5.84
5.672
5.412
4.942
4.737
4.903
5.078
5.2
4.959
4.911
4.971
5.018
4.765
4.169
4.221
4.25
4.341
4.231
4.095
3.995
4.048
4.166
4.444
4.674
4.532
4.481
4.737
4.505
4.611
4.162
4.308
4.126
4.416
4.511
4.628
4.525
4.642
4.32
3.879
4.11
4.312
4.341
4.426
4.365
4.614
4.801
4.858
5.03
5.592
5.728
5.756
5.802
5.8
5.85
6.104
6.052
6.142
6.124
6.032
6.048
6
6.024
6.012
6.148
6.21
6.148
6.216
6.118
6.106
6.354
6.288
6.262
6.094
6.21
7.42
7.466
7.43
7.032
7.024
7.172
6.822
6.738
6.57
6.496
6.728
6.952
6.984
7.136
7.086
7.024
