43.46
43.81
43.85
44.3
43.48
43.75
42.63
41.35
41.55
39.8
38.71
38.52
38.26
38.5
38.45
39
38.94
38.43
39.48
39.93
39.56
39.12
39.1
39.02
39.4
39.52
38.35
37.71
37.48
37.9
39.45
39.08
39
37.16
35.45
38.9
38.8
38.1
36.4
37.15
37.8
38.31
38.51
40.26
39.7
40.19
41.36
41.56
42.24
46.09
45.6
44.67
45.29
44.36
43.5
42.86
40.62
40.71
41.63
42.08
41.42
42.37
42.12
42.95
43
42.6
41.85
43.18
42.94
42.23
42.53
41.13
41.69
41.61
41.49
40.43
41.42
40.68
41.5
40.56
41.6
44.05
45.05
45.37
45.28
45.34
45.1
44.29
44.14
45.16
44.21
43.45
44.21
44.63
44.05
44.17
43.36
42.63
41.63
43
