3.189
3.16
3.315
3.353
3.427
3.449
3.52
3.54
3.871
3.861
3.768
3.85
3.788
3.65
3.726
3.668
3.635
3.712
3.65
3.734
3.597
3.285
3.453
3.457
3.575
3.504
3.503
3.361
3.347
3.324
3.384
3.174
2.8
2.904
2.894
2.897
2.882
2.8
2.824
2.968
2.997
3.072
3.067
3.002
3.008
3.022
3.021
3.056
3.048
3.076
3.064
3.14
3.196
3.232
3.148
3.232
3.15
2.897
2.884
2.929
2.9
2.997
2.962
2.988
2.968
3.028
2.996
3.111
3.241
3.252
3.277
3.267
3.257
3.267
3.272
3.293
3.287
3.327
3.251
3.256
3.302
3.387
3.431
3.47
3.52
3.576
3.497
3.516
3.61
3.512
3.574
3.62
3.65
3.632
3.637
3.539
3.463
3.448
3.568
3.673
