36.51
36.54
36.605
37.025
37.725
36.905
36.95
37.145
37.655
36.41
36.72
36.36
35.935
37.69
37.12
37.77
38.105
36.155
34.47
34.13
34.845
34.72
34.225
32.595
32.26
32.59
33
31.77
27.68
27.49
27.94
27.75
27.1
25.77
25.165
25.24
26.16
27.06
28.075
27.59
27.75
28.225
27.99
28.43
28.18
29.16
29.19
29.65
29.935
29.46
29.155
29.525
28.785
28.365
28.445
29.245
28.365
28.825
28.135
29.035
29.655
29.95
29.735
31
31.57
32.25
32.33
32.05
32.415
32.73
32.41
33.59
32.99
33.155
33.265
33.1
33.165
33.235
33.225
33.6
33.5
33.69
32.42
32.58
33.145
32.87
33.315
33.57
33.925
34.38
34.195
33.175
32.86
33.16
33.575
33.29
32.4
31.77
32.15
32.545
