28.58
28.5
28
27.62
27.22
28.36
28.62
28.2
27.8
27.9
27.84
27.88
28.02
27.98
27.86
28.04
28.22
28.72
28.38
28.4
28.26
28
27.98
28.08
28.24
28.5
28.08
27.96
27.64
28.16
28.14
27.68
27.5
26.7
27.82
27.1
27.26
27.06
26.5
26.06
25.66
25.4
25.58
26.48
26.68
27.04
26.64
26.58
26.84
27.14
27.3
27.48
28
27.72
27.98
28
27.98
27.6
28
27.96
27.92
27.9
27.56
27.5
27.44
27.4
27.32
27.32
26.86
26.68
27.08
27
27.22
26.78
26.52
26.44
26.62
25.72
26.2
25.96
26.66
27.26
27.2
27.44
26.98
27.1
27.52
27.5
27.72
27.4
27.74
28.2
28.52
28.74
28.52
29.04
29.02
28.84
30.3
30.56
