54.48
54.48
54.48
54.48
54.48
54.48
84.14
84.14
84.14
82.96
89.03
89.47
90.39
93.71
86.39
78.8
69.5
79.44
74.13
67.11
80.52
86.71
90.12
91.73
99.07
100.9
101.4
109.88
118.44
122.1
121.08
117.56
117.44
123.16
130.94
136.28
135.4
138.56
137.36
139.9
140.08
142.64
141.24
141.52
141.5
142.28
143.58
143.68
142.26
140.2
138.26
136.42
135.98
138.36
139.16
136.3
136.74
139.84
138.96
138.64
139.56
139.34
138.74
137.68
136.64
136.6
136.3
136.88
138.4
138.32
137.34
136.86
136.78
135.32
134.32
134.82
135.52
134.92
132.96
133.26
133.38
134.86
133.56
133.9
132.32
130.44
130.44
130.44
130.44
131.42
129.42
135.44
134.44
135.58
135
134.8
134.08
