34.87
35.01
34.5
34.08
34.24
35.72
34.15
33.82
33.8
33.74
33.4
33.58
33.22
33
32.9
33.1
33.06
33.5
33.18
33.43
33.52
33.39
33.19
33
32.79
32.9
32.97
32.71
32.87
33.09
32.52
32.01
30.62
29.98
29.57
30.09
30.78
30.63
30.4
30.58
30.1
30.52
30.58
30.83
31.81
32.26
32.2
32.36
32.4
32.79
32.96
33.01
33.33
33.47
33.86
33.42
33.63
32.94
32.35
32.94
32.31
32.47
32.67
32.64
32.8
32.69
32.63
32.95
32.54
30.5
39.99
40.74
41.15
40.85
40.82
40.62
40.67
39.97
40.35
39.63
40.78
42.19
41.2
41.14
40.96
41.45
41.76
41.16
41.1
40.33
40.9
41.51
41.21
41.97
42.9
42.48
40.83
40.37
40.05
40.25
