221.8
222.4
219.1
213.7
211.45
209.65
212.2
216.25
209
227.6
219.1
218.6
214.25
204.1
199.84
199.78
204.5
204.55
210.1
203.5
210.25
210.25
214.1
215.05
219.4
221.65
218.35
225.1
228.45
227.1
223.9
220.2
218.7
214.6
213.05
213.6
216
217
209.55
211.1
206.55
204.65
207.8
208.65
203.05
205.15
209.05
214.45
212.15
208.5
208.05
214.25
210.95
213.2
215.6
209.8
221.4
228.95
228.6
223
229.2
228.1
230.2
182.46
173.96
174.62
173.92
171.54
169.24
164.9
163.98
166.44
164.68
165.46
168.52
173.66
173.4
169.3
169.02
170.24
164.46
161.6
164.46
163.28
161.32
162.44
168.38
164.82
166.36
169.3
162.58
161.1
167.4
163.6
176.12
175.2
174.12
175
176.56
174.76
