49.72
49.61
50.34
50.72
51.52
52.2
52.92
53.22
52.14
52.02
51.58
51.36
51.36
50.3
49.37
48.59
49.03
49.64
51.32
50.46
51.04
51.5
51.42
52.18
52.08
52.66
52.26
53.1
52.92
52.88
52.7
51.86
51.7
51.82
52.28
52.32
51.68
51.56
51.62
52.16
50.96
50.54
50.94
50.54
49.83
50.98
52.02
52.04
52.02
51.4
51.62
51.14
49.6
49.23
48.69
49.75
49.89
48.64
48.61
48.93
49.99
49.66
49.5
49.74
49.1
49.39
49.54
48.97
49.38
49.45
49.8
49.92
49
49.46
49.26
49.83
50.68
51.04
51.18
50.04
50.72
51.76
51.02
50.62
50.52
51.4
47.3
47.55
47.42
47.35
46.89
47.4
47.1
47.23
47.05
47.03
46.65
46.95
47.48
47.85
