14.096
13.778
14.262
14.058
13.98
13.146
13.246
13.5
13.27
12.79
11.324
11.4
11.574
11.62
11.41
10.9
10.484
10.082
10.304
10.54
10.884
10.654
10.528
10.726
10.946
10.908
10.702
11.124
11
11.144
11.352
11.138
10.816
10.95
10.704
10.488
10.386
10.814
10.932
11.232
11.13
11.234
11.422
11.388
11.086
11.458
11.678
11.914
11.902
11.724
11.91
11.992
12.148
11.95
12.544
12.228
12.292
12.272
12.37
12.5
12.614
12.632
12.702
12.712
13.078
12.566
12.684
12.998
12.918
13.046
13.176
13.484
14.008
13.764
13.286
12.994
13.222
13.432
13.308
12.9
12.686
13.004
13.716
13.772
13.71
13.85
13.976
14.09
14.734
14.27
14.52
14.786
14.834
14.632
14.396
14.13
13.95
14.43
14.64
14.818
