93.34
92.89
93.33
93.18
95.22
94.48
93.46
95.49
95.49
95.87
87.67
88.39
89.08
88.65
87.57
85.89
87.31
87.72
89.92
90.58
94.57
93.04
92.2
92.98
94.03
93.3
91.39
91.99
90.6
92.95
91.08
92.74
89.78
88.62
87.51
87.33
87.99
88.75
88.05
90.62
88.84
86.17
87.83
88.03
88
91.13
90.2
91.37
91.33
89.91
88.52
89.71
88.31
88.86
88.52
90.5
91.44
89.32
89.67
87.99
90.06
86.68
87.15
84.84
83.49
84.18
85.36
85.19
86.46
85.3
85
86.17
86.64
84.77
83.33
81.44
82.1
82.87
81.9
80.1
81.58
84.42
82.03
82.34
82.84
84.2
83.65
84.62
84.2
85.27
84.04
84.39
81.41
82.69
79.59
79.43
80.34
82.09
82.03
82.73
