116.5
118.85
114.2
116.95
116.7
118.15
119.4
112.35
110.5
110.5
112.5
111.5
110.5
106.7
107.35
106.2
107.05
102.4
93.06
94.34
92.8
93.5
92.16
91.28
90.18
90.86
95.08
98.08
101.15
100.5
101.7
102.1
102.5
101.15
97.96
99.28
98.02
99.88
100.5
102.25
101.85
99.58
98.32
96.26
95.3
92.48
92.14
92.58
88.88
88.8
87.32
85.66
84.58
90
93.7
95.1
94.74
95.8
93.28
94.8
93.9
95.16
94.12
93.04
91.8
89.06
91.2
91.36
91.3
91.18
90
89.48
87.28
88.54
90.78
91.42
91.34
92.8
91.6
91.76
90.82
83.26
81.26
82.54
84.72
86.48
85.68
82.56
85.98
89.4
90.7
90.62
90.6
91.68
89.4
91.22
88.16
87.4
86.2
86.5
