1657.5
1644
1618
1600
1605
1623.5
1575
1546.5
1552.5
1596
1606
1593.5
1594
1633.5
1629.5
1639
1634
1641
1557.5
1584.5
1606.5
1616.5
1621
1517
1455
1445.5
1505
1537
1577
1538.5
1568.5
1566
1588.5
1598.5
1630.5
1623.5
1642
1682
1721
1734.5
1700.5
1675
1612.5
1590.5
1631
1604
1598.5
1577
1602.5
1601.5
1596
1581
1578
1581
1514.5
1516.5
1445
1438
1399
1383.5
1374
1376
1310.5
1347
1307.5
1329
1428
1417
1391.5
1412
1469.5
1465.5
1417
1378.5
1367.5
1418
1466.5
1449
1449
1415.5
1457.5
1416
1403.5
1423
1488
1471.5
1472.5
1441
1464
1417
1382
1414.5
1381
1397.5
1351.5
1430.5
1424.5
1414
1437.5
1402
