25.3
25.47
25.46
25.65
25.4
25.43
25.58
25.49
25.55
25.5
25.79
25.5
25.75
25.73
25.59
25.2
24.77
24.77
24.42
25.04
25.28
25.44
25.3
25.25
24.88
25.01
25
24.95
25.12
25.06
24.93
25.01
24.62
24.36
24.55
24.39
24.01
23.79
23.8
23.9
23.83
23.35
23.76
23.65
23.5
23.2
24.01
24.18
24.5
24.58
24.57
24.41
24.46
23.94
24.32
24.13
24.26
24.19
23.89
23.95
24.03
24.01
24.17
24.08
24.1
23.92
23.85
24.12
23.74
23.85
23.93
24.25
24.46
24.17
23.49
23.46
23.45
23.63
23.6
23.79
22.43
22.7
22.45
22.19
22.39
22.7
23.41
23.6
24.13
23.94
23.59
23.68
23.67
23.29
23.44
23.24
23.12
23.4
23.43
23.48
