50.78
50.68
51.11
51.31
51.61
51.28
51.42
51.85
51.62
50.72
49.19
49.535
49.17
49.7
49.905
48.805
48.57
48.035
48.62
48.55
48.64
48.555
48.115
48.145
49.04
49.7
49.39
49.965
50.2
50.4
50.21
50.24
50.47
50.56
50.5
50.62
50.59
50.51
50.47
51.06
50.74
50.42
50.9
50.85
50.49
51.22
51.3
51.31
51.29
50.92
50.48
50.46
51.12
50.72
52.02
51.33
51.45
50.98
49.405
49.55
49.61
50.44
50.01
50.02
50.39
49.89
49.705
49.74
49.73
49.58
49.785
49.425
49.815
50.06
49.99
49.205
48.605
48.54
49.26
48.905
48.17
48.6
48.695
48.965
48.46
48.39
47.97
48.08
49.03
48.705
49.295
48.305
48.55
48.48
47.755
48.085
47.695
48.48
49.01
49.02
