84.52
83.71
83.95
83.83
84.1
83.62
81.94
83.14
82.36
80.26
77.86
79.12
82.51
75.64
75.59
71.26
68.7
68
70.73
70
71.63
70.85
70.18
70.99
72.36
74.2
72.59
74.31
75.05
75.14
75.38
75.29
74.1
73.49
74.08
74.9
75.1
75.48
74.83
75.19
74.99
73.4
75.45
75.98
75.28
76.23
77
77.46
77.92
77.5
76.61
76.95
77.19
78.57
78.38
78.09
78.68
76.9
80.48
79.84
81.04
78.48
79.92
80.97
80.54
81.07
82.72
80.46
82.88
81.5
81
81.23
79.98
79.77
78.48
78.4
79.87
80.1
82.61
79.87
82.06
83.52
83.3
82
83.2
85.02
85
86.25
88.48
86.93
85.81
87.24
85.9
87.19
85.73
86.12
87.2
88.2
86.8
88.4
