69.42
70.76
70.5
70.82
70.24
69.94
70.28
71
71.28
71.24
71.22
71.64
72.56
71.92
72.06
73.18
73.3
73.22
69.78
71.02
70.68
66.08
65.28
65.58
66.2
68.08
68.98
68.7
68.64
67.24
67
67.06
70.98
71.42
70.44
72.68
71.98
72.46
73
73.28
73.04
73.28
72.04
70.62
71.24
72.02
72.4
72.3
71.52
71.3
71.72
71.1
69.64
72.46
72.68
72.22
72.56
72.1
72.24
72.16
70.66
71.14
70.66
71.52
72.78
70.68
71.06
70.9
72.86
73.26
73.5
73.28
72.9
73.44
73.48
73.02
73.46
72.7
73.2
73.88
73.56
72.46
72.72
72.7
72.64
75.24
76.26
74.62
74.04
78.58
76.86
76.98
76.42
79
78.54
78.14
77
76.36
74.66
74.38
