43.07
41.525
41.19
41.05
39.915
40.03
39.945
39.235
39.34
38.505
38.495
38.1
38.31
38.82
38.955
38.275
38.18
39.22
39.22
39.665
38.115
38.75
39.155
38.65
38.36
37.83
37.855
38.275
38.605
39.245
40.455
45.425
45.015
45.455
45.89
46.45
45.57
45.89
46.15
45.35
44.825
45.14
44.815
44.35
43.835
43.9
44.56
44.115
43.75
43.585
42.87
42.115
42.395
42.3
41.95
41.52
42.53
42.69
42.64
41.525
41.485
41.925
42.26
42.175
42.915
42.1
42.82
44.445
42.39
42.98
42.44
41.755
41.88
41.755
41.51
41.695
41.375
40.95
41.11
41.495
41.505
41.295
41.21
41.595
42
40.575
40.6
41.145
41.31
41.15
39.95
40.38
40.81
42.215
42.525
43.63
52.67
53.18
53.14
52.74
