123.16
118.72
119.08
118.78
119.98
120.64
119.54
122.8
124.7
120.94
123.74
123.76
125.8
113.42
112.54
112.52
113.44
112.7
113.12
118.8
120.7
119.2
119.92
120.46
122.62
124.96
124.66
126.58
130.16
131.56
132.4
129.3
126.54
123.64
124.32
123.5
124.28
125.04
125.86
128.62
127.34
126.54
128.14
127.4
128.42
129.5
128.56
128.54
127.4
125.22
125.18
125.22
125.44
126.32
125.76
127.04
126.54
123.58
124
125.1
126.9
125.04
126.94
125.72
125.84
127.86
129.36
128.4
128.22
127.5
126.98
128.76
128.24
129.46
129.38
128.22
129.76
131.58
130.1
127.24
128.88
137.94
136.5
136.5
136.4
141.72
140.56
143.5
145.44
145.2
142.58
144.78
143.74
146.12
144.72
145.9
147.96
147.86
148.32
145.06
