72.49
70.87
72.77
73.24
73.68
69.43
69.22
70
68.47
66.97
60.79
60.79
62.11
61.6
61.82
59.07
57.85
57.87
59.16
59.67
61.68
60.73
59.88
60.58
61.57
63.13
62.29
63.18
62.07
62.95
63.21
63.13
61.23
62.46
60.74
60.73
60.03
61.29
60.93
62.91
61.81
60.88
62.76
64.74
63.49
66.19
65.67
65.87
65.28
65.29
65.77
67.44
68.68
67.48
70.45
69.04
70
70.41
70
70.78
71.98
72.01
71.8
72.93
73.64
71.16
71.83
73.5
73.23
76.18
76.26
76.56
75.6
77.82
75.68
73.01
73.31
74.05
73.12
71.81
69.97
73.36
76.03
76.4
76.74
77.14
77.82
77.49
79.23
75.41
76.68
78.01
77.76
77
75.52
74.82
73.75
76.79
78.27
77.53
