1491.2
1482.4
1481.6
1497.4
1508
1484.4
1486.4
1490.2
1466.6
1516.2
1480.2
1498
1506.8
1412.4
1422.6
1402.8
1339
1303.4
1344.2
1350.8
1381
1357.2
1346.4
1292.6
1319.2
1341.6
1337
1339.8
1351.8
1320.2
1274.4
1257.8
1228.2
1243.6
1255.4
1253.4
1273.6
1263
1251.8
1253.4
1232
1231
1232.2
1233.6
1202.4
1236.2
1266.6
1308.4
1307.6
1312.4
1293.8
1322.2
1320
1309.4
1335
1328.6
1392.2
1415.2
1376.4
1366.4
1381
1394.8
1372.6
1352.4
1342.6
1344
1315.2
1316
1286.6
1282.6
1280.6
1297
1273.8
1270.6
1261.2
1278
1257.6
1242.8
1247.2
1254.8
1243.8
1288.2
1287
1294.2
1294
1299
1339
1346
1367
1363.6
1316.2
1307.6
1323
1317.8
1385.8
1338.2
1324.2
1315.6
1341
1328
