227.85
230.05
231.95
231.85
234.55
232.45
235.2
233.25
227.5
245.85
246.05
250.4
244.4
228.55
227.2
227.1
241.5
230.75
237.65
235.8
234.85
234.2
235.5
223.15
224.4
227.45
226.9
234.1
237.5
231
223.15
223.45
218.2
223
223.75
223.9
227.25
225.7
221.4
220.35
216.35
215.15
216.4
216.05
209
214.15
218.1
227.6
229.6
230.75
226.1
232.8
233.05
232.4
238.3
235.5
242.2
250.25
248.25
244.4
246.2
252
251.15
236.6
228.8
227.5
225.4
224.1
218.55
218.95
220.15
222.2
221.6
224.7
223.55
230.8
217.9
210.95
212.6
216.45
213.55
197.46
196.7
200.3
196.86
199.96
206.9
207
211.35
212.15
210.2
207.85
210.7
208.55
219.8
213.8
213.85
210.1
218.45
212.05
