2632.5
2631.5
2629
2652
2631.5
2621.5
2642.5
2644
2572.5
2749
2766
2826
2764.5
2609
2569.5
2629.5
2745
2713.5
2749
2711
2669
2657.5
2685.5
2711.5
2757.5
2852
2831.5
2894
2968
2917
2769
2713
2689
2665.5
2701
2685
2727
2728.5
2701
2702
2638.5
2623
2625.5
2593.5
2460
2475.5
2541
2643.5
2663
2627.5
2628.5
2784
2774.5
2708
2770
2719
2826.5
2963
2937.5
2916.5
2865.5
2883.5
2872.5
2829.5
2792.5
2788
2777
2777.5
2751
2674.5
2662
2697.5
2668.5
2676
2670
2680
2700
2697.5
2656
2668
2692
2600
2570.5
2599
2586.5
2582
2583
2682
2714
2719
2584.5
2635
2646.5
2690
2871.5
2819
2765
2695
2702
2664
