27.41
27.06
26.795
26.665
26.825
26.355
26.135
26.81
26.18
27.35
26.41
26.38
25.54
25.535
24.455
23.9
23.91
23.69
25.64
26.415
26.8
26.585
26.955
27.27
27.63
27.61
27.365
27.81
27.565
28.085
27.51
26.835
26.3
25.75
25.71
25.42
25.945
24.115
24.185
23.905
22.97
23.45
23.45
23.38
22.975
23.915
24.085
24.445
24.4
24.67
23.89
23.87
23.065
23.51
22.78
22.885
24.045
23.5
23.16
23.335
23.35
23.85
22.92
22.795
22.165
22.095
22.485
22.485
22.5
21.745
22.23
22.445
22.42
21.51
22.04
21.515
21.825
22.205
21.66
21.13
20.97
21.565
21.78
22.25
21.79
22.685
22.955
22.925
22.865
22.4
21.83
22.435
22.01
23.205
22.55
21.655
21.145
21.25
21.52
20.845
