43.51
43.51
44.175
42.825
42.77
41.125
40.485
41.09
40.73
39.725
36.15
36.685
36.64
37.285
36.44
35.155
35.53
35.015
35.855
36.25
37.365
36.655
36.655
37.015
36.6
37.08
36.745
37.065
37.505
38.5
38.06
37.775
38.165
38.935
38.12
36.755
36.575
36.675
35.92
37.35
36.42
35.73
36.81
37.115
37.08
37.885
38.54
38.97
39.215
43
43.305
43.345
44.06
44.43
44.6
44.125
43.68
42.9
42.98
43.59
43.715
43.52
43.845
42.635
41.92
41.9
42.38
42.695
43.64
45.015
44.53
45.445
46.045
45.005
42.825
42.865
42.5
42.635
42.975
41.95
43.845
43.635
43.665
43.45
44.615
44.36
44.89
44.78
43.685
44.135
44.94
44.45
44.74
45.815
43.8
44.155
44.24
44.72
45.88
44.965
