44.84
44.285
45.18
45.085
45.56
44.855
44.88
46.145
44.92
44.31
41.87
42.04
42.74
42.56
41.935
41.15
41.025
41.125
42.265
41.76
42.985
42.86
42.045
42.355
42.415
42.845
42.625
42.47
42.8
43.475
43.1
42.63
41.975
42.08
41.825
42.195
41.835
42.095
41.87
42.44
41.595
41.29
42.23
42.075
41.53
43.08
42.73
43.2
43.035
42.965
42.96
42.4
42.595
42.165
43.795
42.695
42.545
43.265
41.025
41.5
41.545
40.95
40.59
40.48
40.48
40.025
39.94
40.185
40.335
40.95
40.96
41.02
40.915
40.76
40.63
40.7
39.755
39.735
39.56
39.645
39.745
40.385
40.855
41.19
41.205
41.405
41.57
41.575
40.915
40.275
40.805
40.66
41.1
40
40.015
39.59
38.995
39.495
39.975
39.83
