188.8
189.6
194.54
197.8
202.15
200.4
201.8
205.15
206.1
199.12
195.3
195.84
200.55
188.78
188.48
185.38
185.7
185.04
190.52
187.88
192
192.2
192.04
194.72
199.48
202.6
199.34
203.75
205.45
202.15
202.25
208.55
218.6
216.25
214.6
211.8
217.55
215.2
210.8
210.7
206.7
207.05
211.95
206.65
203.6
208.1
210.4
211.6
211.6
208.5
206
205.55
203.9
209.5
210.15
212.95
216.15
208.7
211.25
210.6
217.05
209.6
209.35
198.92
200.1
201.2
203.6
203.05
205.45
202.3
203.8
202.95
201.7
201.15
203.85
202.6
204.7
207.85
211.2
205.55
209.8
211.4
218.7
212.9
213.15
221.1
221.85
224.3
227.7
226.3
220.15
220.9
218.4
222.45
219.35
221.35
220.85
228.1
232.9
228.5
