93.56
91.25
92.2
93
95.69
96.7
96.67
98.7
95.63
92.72
94.11
94.55
94.64
88.97
86.73
86.68
87.3
87.31
89.45
89.35
87.76
88.26
88.05
88.63
90.45
91.07
89.79
91.08
93.63
93.98
92.83
92.34
91.32
91.76
93.4
93.29
93.77
93.47
93.88
94.17
93.82
93.73
96.55
93.82
94.16
95.89
95.06
94.03
93.68
91.51
91.31
90.69
92.88
93.27
90.16
92.06
94.49
92.83
93.81
94.19
94.87
96.38
96.39
96.11
94.3
95.45
96.14
94.68
95.43
93.68
95.18
96.82
94.71
94.27
94.94
94.32
94.95
95.97
98.23
95.71
98.46
96.01
97.23
95.89
97.35
98.79
98
101.74
106.76
101.78
98.33
99.71
94.55
95.51
95.73
95.32
96.11
95.84
96.45
95
