31.215
31.125
32.24
31.805
31.68
31.09
31.135
31.19
30.13
28.625
27.67
27.91
28.715
28
27.545
27.42
27.56
27.18
27.89
28.485
28.51
28.35
28.24
28.8
28.84
29.345
28.99
29.67
30
30.26
29.945
30.2
30.215
30.505
30.82
30.425
29.98
30.615
30.56
31.455
30.79
30.81
30.71
29.805
28.735
29.3
29.95
29.625
29.615
28.925
28.895
28.995
28.64
29.44
28.71
28.89
29.115
28.425
28.4
28.675
28.875
28.62
28.735
29.36
28.305
28.32
28.675
28.48
28.65
28.265
28.915
29.395
29.24
28.685
27.93
28.18
28.975
28.59
28.56
28.48
29.71
30.08
30.425
29.69
29.97
30.125
29.83
30.5
30.28
31
31.355
32.135
32.275
32.62
32.65
32.92
34.1
34.48
34.96
35.45
