145.18
144.1
147.1
146.6
146.6
142.6
142.6
142.5
142.42
141.52
136.78
137.92
139.64
141.22
139.8
136.4
136
136.78
138.46
140.38
143.62
142.84
142.96
145
145.46
145.86
142.9
144.16
141.92
143.92
143.24
141.16
140.98
139.66
137.78
136.86
136.36
137.92
136.76
140.26
137.92
137.32
139.1
138.1
135.54
144.16
146.14
142.72
141.58
140.32
140.46
138.34
138.74
143.26
139.04
140.34
141.38
137.44
137.34
138.96
138.58
137.8
137.84
138.08
137.8
138.42
138.46
138.04
138.34
139.44
139.92
139.72
139.68
136.34
133.02
132.04
130.6
127.94
128.72
127.42
129.04
133.96
132.22
137.08
136.18
137.98
136.76
138.92
137.22
139.3
140
139.56
138.34
136.62
134.4
135.46
136.66
138.46
139.08
139.1
