15.14
15.13
15.115
15.155
15.125
15.095
14.845
14.76
14.865
14.85
14.915
14.96
14.82
14.915
15.04
14.985
14.775
14.69
14.175
13.905
13.71
13.535
13.375
13.07
13.135
12.815
13.07
13.25
13.465
13.425
13.48
13.68
13.95
14.04
14.02
14.475
14.535
14.49
14.395
14.45
14.465
14.7
14.69
14.51
14.47
14.29
14.275
14.34
14.19
14.32
14.39
14.455
14.5
14.94
15.19
15.23
15.25
15.245
15.3
15.355
14.985
15.175
14.975
15.27
15.395
14.63
14.75
14.98
15.14
15.14
15.165
15.165
14.84
14.955
15.17
15
15.155
15.34
15.31
15.11
14.985
14.865
14.84
14.455
14.565
14.6
14.45
14.165
14.36
14.665
14.73
14.715
14.88
15.23
15.275
15.42
15.41
15.275
15.29
15.195
