40.8
41
41.25
41.1
41
41.1
41.05
41
40.85
40.65
41.05
40.95
40.9
40.8
40.65
40.65
40.65
40.75
41.05
40.55
40.75
40.55
40.55
40.55
40.5
40.55
40.45
40.5
40.55
40.6
40.55
40.5
40.45
40.45
40.45
40.5
40.5
40.4
40.55
40.55
40.4
40.4
40.4
40.45
40.35
40.45
40.35
40.35
40.6
40.4
40.4
40.4
40.4
40.35
40.5
40.45
40.55
40.55
40.5
40.55
40.45
40.45
40.4
40.4
40.6
40.45
40.6
40.4
40.3
40.45
40.45
40.4
40.3
40.3
40.45
40.4
40.4
40.45
40.35
40.3
40.35
40.55
40.35
40.3
40.4
40.3
40.3
40.4
40.45
40.45
40.45
40.45
40.65
40.45
40.65
40.75
40.6
40.5
40.5
40.45
