74.33
74.78
73.04
73.09
74.13
75.4
76.68
73.89
74.15
74
73.87
72.85
72.79
70.74
70.7
70.34
69.5
67.63
63.58
64.79
62.52
62.12
59.68
58.68
58.33
58.06
61.47
63.21
63.93
64.01
63.81
64.07
63.62
63.12
62.17
64.08
64.25
65.09
64.7
65.72
65.74
64.85
64.03
62.36
62.66
61.99
62
61.73
59.06
60.64
60.96
60.58
60.49
63.74
64.81
64.71
64.32
64.12
64.31
63.74
63.17
62.58
61.38
60.8
60.39
60.13
60.15
59.61
59.6
59.42
57.95
58.25
56.81
57.39
58.25
57.56
57.88
58.22
58.28
58.87
58.54
55.35
54.9
55.23
56.13
58.14
56.21
54.7
56.16
58.29
59.8
59.75
60.22
61.15
59.94
60.82
59.1
59.73
58.77
58.61
