91.88
91.22
92.28
92.86
93.74
94.9
94.62
95.12
93.64
95.48
97.1
97.1
97.64
100
101.5
101.5
101.1
100.75
99.46
98.44
93.24
93.6
93.68
91.38
90.56
89.9
90.66
93.6
100.1
99.9
99.32
98.52
99
100.9
99.98
100.25
98.62
100.25
99.18
98.92
98.28
96.92
96.36
97.2
96.7
97.16
97.34
97
96.64
95.42
92.22
93.04
94.84
94.08
93.36
95.54
97.88
97.92
98.46
97.84
98.32
98.92
96.94
97.74
96.92
99.5
98.8
97.56
96.8
96.6
97.34
96.94
95.84
96.44
94.74
94.62
94.22
94.34
95.46
95.66
96.8
97.3
95.26
95.5
95.74
97.14
102.85
102.25
102.85
101.15
100.95
103.15
102.05
101.4
101.3
102.4
100.95
101.45
99.9
<<<<<<< HEAD
99.6
=======
>>>>>>> cc96a9bc234726c099e91ca7bad5fc747b43add3
