21.555
21.645
21.885
21.09
20.935
20.19
20.37
20.71
20.385
20.415
18.598
18.984
18.948
19.062
18.93
18.09
17.952
18.216
18.66
19.204
19.794
19.476
19.248
19.398
19.32
19.614
19.44
20.07
21.26
21.585
21.56
21.075
21.005
21.11
20.675
20.17
19.8
20.14
19.852
20.605
20.045
19.624
20.115
20.21
20.2
21.22
21.225
21.485
20.905
20.83
20.315
20.44
20.1
20.275
20.925
20.72
20.555
20.665
20.195
20.145
20.535
20.77
20.43
20.8
20.705
20.095
19.95
20.41
20.285
20.76
21.38
20.99
21.165
21.515
21.01
20.685
20.55
20.73
20.575
20.88
20.38
20.985
21.655
21.67
21.735
22.465
22.34
22.46
22.705
21.56
21.925
22.785
21.88
21.125
22.425
21.72
21.32
21.535
21.93
22.305
