127.14
127.84
126.82
128.44
128.2
125.62
125.5
125.98
122.98
123.94
122.18
121.9
122.5
122.48
120.58
119.2
119.74
119.56
120.52
119.6
121.12
121.12
121.82
122.18
122.2
123.36
123.64
122.86
124.28
122.74
120.58
120.28
120.1
119.92
119.88
119.8
121.98
119.08
117.1
118.1
117.48
116.66
118
117.16
115.9
114.82
116.16
115.92
116.16
116.18
116.5
117.14
119.92
118.3
121.34
119.18
121.8
124.34
122.68
114.7
117.18
115.98
110.22
111.4
110.8
112.56
110
111.66
112.6
113.48
112
111.08
110.98
110.98
111.52
109.24
109.74
110.08
110.28
111.02
109.4
109.94
110.18
111.9
112
113.54
113.92
113.56
115.82
114.82
116.44
115.32
116.02
115.5
117.08
115
111.64
111.14
109.82
105
