48.33
48.21
49.38
49.47
49.215
48.6
48.69
49.23
47.97
48.045
47.25
47.16
46.95
47.22
46.795
45.8
45.375
45.78
47.085
46.7
47.93
47.85
48.13
48.45
49.045
49.995
49.525
50.22
49.735
49.32
48.28
48.2
47.54
48.27
48.26
48.77
49.04
48.63
48.74
48.905
47.83
47.36
47.315
47.58
47.535
48.12
48.505
49.49
49.12
49.035
48.515
48.76
49.445
48.75
49.555
49.78
48.42
48.66
48.65
49.51
49.35
48.815
48.995
48.74
47.925
47.885
47.445
47.64
47.61
47.585
47.6
47
46.975
47.01
46.465
46.815
47.4
47.46
46.9
47.35
48.19
47.48
47.155
47.08
47.535
46.55
47.425
46.99
47.275
46.8
46.775
46
45.995
45.135
44.42
45.095
45.565
45.305
45.81
46.13
