4.239
4.2815
4.3095
4.196
4.329
4.143
4.1275
4.322
4.1495
4.143
3.718
3.7195
3.649
3.859
3.6815
3.6025
3.581
3.496
3.643
3.484
3.5195
3.377
3.342
3.3745
3.3965
3.3705
3.2955
3.294
3.3355
3.414
3.3955
3.449
3.467
3.419
3.398
3.3835
3.3395
3.3295
3.2695
3.4025
3.099
3.1625
3.182
3.136
3.15
3.315
3.405
3.467
3.5055
3.4935
3.4585
3.498
3.543
3.5915
3.547
3.55
3.5945
3.5465
3.6285
3.672
3.641
3.693
3.7095
3.718
3.6315
3.6505
3.645
3.6685
3.7315
3.767
3.802
3.9535
3.8295
3.6505
3.5925
3.5925
3.697
3.738
3.6905
3.812
3.846
3.984
3.8655
3.8965
4.0315
4.1025
4.06
4.223
4.153
4.19
4.2325
4.23
4.21
4.274
4.2185
4.1915
4.2
4.36
4.4615
4.15
