133
134.5
134.8
136.75
133.55
135.6
136.9
133.35
132.75
129
134.95
133.95
134.25
132.25
126.5
125.3
126.35
129.35
129.95
133.15
134.2
137.75
138
139.05
141.65
146.65
146.6
144.3
146.85
146.7
148.15
147.85
148.7
145.8
150.5
149
148.35
148.2
149.8
151.2
152.1
147
147.7
148.9
150.35
147.2
148
147.65
148.35
150.6
151.55
153.55
150.9
149.15
150.7
148.7
151.55
158.3
157.1
158.4
157.7
158.9
160
158.75
158.3
154.55
154.7
157.4
156.25
156.4
154.6
156.2
157
153.25
152.8
156.1
154.55
156.65
155.8
158.55
154.6
157.15
165.5
163.85
167.55
166.95
168.3
169
167.75
166.4
162.5
163
164.05
163.3
168.1
166.1
165.3
166.55
168
167.15
