190.84
190.48
190.96
195.4
196.32
198.82
198.4
197.74
193.84
203.8
207.85
203.8
207.4
201.7
199.68
196.78
197.3
198.8
201.6
197.46
197.04
196.46
191.32
191.26
191.36
193.6
192
192.74
191.86
192.34
189.02
186.8
189.02
183.64
184.28
181.44
183.52
183.36
179.5
179.14
175.86
175.4
177.54
174.76
173
174.96
174.48
175.98
176.28
175.26
171.52
173.24
165.68
169
164.46
171.88
175.82
173.72
173.08
171.98
172.08
176
175.32
174.64
174.5
172.36
174.12
174.22
173.7
176.38
174.24
174.14
171.3
172.58
175.96
173.02
173.46
175.3
175.6
171.08
170.72
172.96
169.66
170.56
166.76
173.86
168.42
168.98
168.6
166.28
164.56
163.12
160.7
163.14
162.92
162.34
162.24
162.62
162.5
161.18
