23.44
24.08
24.13
24.21
23.61
23.38
23.24
23.22
23.79
23.79
24
24.34
23.4
24
23.9
24.45
24
25
24.5
24.9
25.12
25.14
25.15
25.25
26
25.22
25.08
24.85
24.8
24.85
24.7
25.18
25.21
25.3
25.43
25.55
26
25.41
25.25
25.14
25.45
25.7
25.95
25.65
25.65
25.65
25.65
25.37
25.65
26.05
25.3
26.4
25.21
25.14
25.85
25.3
24.8
24.5
24.5
25.5
25.48
26.3
26.7
26.04
25.35
25.5
25.5
26.75
26.25
27
25.98
26.11
26.18
26.21
25.84
25.87
26.25
26.51
25
25.24
24.51
25.08
24.6
23.7
23.7
24.8
24.8
24.8
24.8
25.05
25.05
25.05
24.8
24.55
24.7
24.55
24.25
24.25
24.25
25
