118.2
119.5
120.1
117
118.5
114.2
111.2
112.6
110.2
112.5
110
109.2
111.5
112
110.1
105.8
109.7
111.9
110.7
110.5
113.3
111
107.3
103
108
114.6
111.7
110.3
110.3
109.8
107.8
114.5
116
121.6
121.5
117.6
115.9
117.8
112.9
113.9
113.3
107.6
106.3
105
105.3
103
103
103.5
112.3
112.1
114.8
118.1
119
119.4
115.4
114.4
113.7
112.9
114.5
113
113.9
114.9
117.6
119.8
120.4
122.6
119.2
118
119.4
117
111.6
120
119.5
119.5
125.3
126.3
125.2
123.6
126.1
130
126.6
121.3
133.5
132.5
130.5
127.4
130
126.4
125.5
123.2
120.6
120.9
122.9
118.5
116.5
115.6
128.5
119.6
119.6
116.8
