59.16
58.34
57.82
57.26
58.56
58.62
58.44
57.32
57.62
57.3
56.88
55.94
56.58
56.22
55.78
56.16
56.1
56.72
57.48
56.56
56.58
56.14
54.78
56.12
57.5
57.96
57.18
55.78
55.36
57.36
57.4
58.24
55.38
56.78
59.36
59.1
59.3
56.26
55.64
54.82
55.14
54.2
55.86
55.94
56.52
56.86
57.12
58.28
58.4
58.34
58.8
59.26
59.6
59.66
58.74
58.7
58.52
58.82
59.3
59.06
59.34
58.58
58.32
58.22
57.58
58.12
58
58.38
58.3
60.72
60.36
60.44
60.2
60.36
60.92
60.7
58.92
59.3
57.56
61.48
62.22
60.88
60
60.02
59.4
59.86
59.3
59.44
59.28
59.6
58.22
58.14
58.64
58.32
58.66
59.1
57.98
58.48
58.78
58.38
