164
161.5
164
166.9
168.8
163.4
154.5
154
157.8
160.6
158.9
159.2
160.4
160.6
161
161.3
155.5
160.9
162.3
164.7
167.6
161
162.4
161.7
161.7
160.9
162
157.9
157.4
157.6
158
150.9
143.8
145.6
141
143
138.3
133.6
135
133.5
139.1
143.3
147.1
146.4
145.7
148.1
147.4
147.1
144
147.8
147.2
149.1
146.7
147
148.7
147.3
146.8
143.5
144.1
149.2
150.3
150.5
144.1
146.8
144.8
145
143.5
151
156
157.4
157.3
157.8
159.1
160.8
158.4
157.3
151.2
150.2
149.4
148.8
150.2
152.2
152.8
152.3
149.9
149.9
147.4
148.4
151.5
150.5
151.1
150.6
150.7
153
151.1
144.9
143.8
145.5
145.1
144.2
