150.1
152.14
152.52
154.54
153.68
153.54
150.18
150.46
150
149.82
142.32
133.16
135.92
132.08
131.74
127.78
125.1
126.94
125.52
132
135.64
139.06
137.6
137.08
138.42
139.28
138.28
134.92
139.18
138.5
139.4
137.66
137.98
138.92
137.48
134.7
132
134.3
137.4
138.74
138.2
133.3
136.54
135.48
134.82
133.6
141.98
147.64
148.66
148.34
148.42
149.84
150.96
151.16
149.78
143
142.76
140.32
140.1
139.34
139.52
140.12
139
136.2
137.8
136.08
136.62
139.44
138.5
139.18
138.98
138.74
140.66
140
133.12
132.86
134
134.94
134.5
131.18
125
129.2
137.64
141.8
141.24
142.02
144.54
144.34
145
144.76
144.44
141.34
141.16
137.38
139.3
139.98
135.6
135.42
138.02
138.84
