128.1
128.45
127.5
128.5
127.75
128.05
127.9
128.65
127.4
126.65
125.95
127.85
129.8
125.5
126.4
124.8
124.15
124
124.1
123.95
122.2
113.55
108
107.85
101.8
97.04
97.4
93.76
93.4
93.1
93.74
90.78
91.48
91.32
89.4
90.96
86.9
87.78
83.3
78.6
79.32
81.26
78.88
82
85
86.24
87.08
86.7
85
86.5
83.84
84.62
85.4
86.52
88.22
86.78
83.58
83.22
80.54
79.9
79.42
77.68
78.38
76.62
77.28
74.98
70.14
72.22
72.84
71.88
73.2
78.08
77.74
78.1
77.88
77.28
76.98
75.8
76.28
77.48
76.44
80.28
82.36
78.64
77.94
78.68
78.38
78.68
78.32
76.04
75.26
75.84
77.9
78.8
79.36
76.72
77.5
77.2
77.26
75.52
