116.75
116.1
116.9
116.5
114.1
113.6
117.4
118.05
112.9
112.25
110.1
107.9
109.3
113.15
110.5
106.85
106.7
103.2
105.05
106.25
104.7
102.15
99.44
101.3
103
98
93.94
93.22
92.9
89.7
89.48
87.8
86.2
86.42
85.46
86.46
86.6
85.82
83.44
83.58
84.54
82.82
85.32
81.74
86.26
86.88
89.56
89.12
87.58
89.18
90.44
93.56
93.92
95.28
93.26
92.58
91.52
94.1
94.08
89.92
89
85.84
84.32
82.9
83.1
82.4
78.5
79.06
80.2
75.88
76
80.8
81.32
81.96
82.96
82.9
82.32
79.5
80.56
82.1
80.8
81.72
83.66
82.28
81.88
82.7
82.76
83.8
83.24
85
83.72
84.5
85.76
83.52
82.3
81.74
83.12
83.98
83.98
82.6
