119.64
119.86
122.34
121.72
121.24
116.84
116.34
118.28
117.62
118.54
106.52
107.62
107.34
105.74
104.3
103.36
103
102.18
104.72
105.02
107.1
107.44
105.86
105.44
106.74
108.02
108.2
108
111.66
105.98
104.86
104.4
104
104.46
104.46
104.72
105.68
105.96
105.96
108.46
105.72
104.98
107.16
107.8
105.78
109.2
110.68
112.36
111.08
111.56
112
114.2
113.6
115.16
111.68
110.44
112.2
112.98
111.08
111.1
113.92
114.36
110
109.16
110.62
108.18
108.04
108.52
108.46
108.7
110.32
111
112
112.14
110.24
110.92
107.84
108.94
100.28
99.33
97.22
97.56
98.11
99.28
98.84
101.02
102.1
102.16
104.24
103.22
103.32
104.24
106.2
103.52
105.4
105.22
102.66
100.36
100.32
100.28
