35.66
35.91
34.885
35.15
35.84
36.6
35.16
34.91
34.04
34.29
33.24
33.17
32.565
32.375
33.52
34.15
34.405
34.875
32.44
31.25
31.275
32.485
32.365
32.095
30.395
30.475
31.22
30.92
30.835
27.945
28.345
28.955
28.93
29.01
27.63
27.92
27.455
27.81
28.02
29.055
28.52
28.075
28.46
28.97
29.03
29.015
29.52
29.11
29.205
29.57
29.58
28.34
29.075
28.325
28.01
28.315
29.345
29.195
30.275
29.85
29.09
30.015
30.885
30.615
31.365
31.66
30.79
31.19
31.04
31.37
31.82
32.57
32.695
33.125
32.8
33.05
33.115
33
33.49
33.91
33.46
34.145
34.575
35.69
34.82
34.98
35.49
35.69
36.085
36.36
36.635
37.46
38.925
37.47
36.715
36.97
36.895
36.605
35.875
35.095
