91.4
88.4
89.2
90.6
89.4
91.1
89.68
85.06
82.52
84.52
79.24
78.88
79.46
78.74
79.04
78.78
80.06
81.22
82.3
84.8
80.46
79.3
76.38
76.48
79.76
80.04
79.18
79.22
79.12
79.18
82.4
82.68
81.38
76.42
79.38
87.78
87.5
88.22
84.86
82.76
80.18
82.2
80.86
81.18
82.38
82.56
83.84
83.14
84.98
85
84.8
84.42
84.98
85.82
84.88
85.64
83
80.88
79.9
82.5
80.28
82.58
79.9
78.12
77.46
76.24
75.18
78.06
76
75.34
77.46
75.36
75.54
74.48
73.42
72.28
72.54
73.44
74
71.74
75.08
77
77
73.14
73.94
73.8
74.78
72.92
70.86
69.6
68.22
68.66
67.84
67.56
66.24
67.36
67.62
66.9
65.68
66.76
