91.48
90.94
87.56
88.72
87.76
87.92
89.36
89.82
87.3
89.68
95.82
97.22
94.16
91.06
84.98
87.54
85.82
83.28
82.68
83.62
80.8
79.46
80.32
81.3
82.58
83.02
83.76
81.4
83.94
82.34
81.46
80.44
77.66
78.86
79.76
80.28
79.66
79.02
78.56
77.42
78.28
77.88
79.22
80.3
77.7
76.04
78.86
80.76
82.2
82.32
81.38
80.9
80.84
79.86
80.48
80.32
82.42
86.68
87.48
83.82
86.32
88.58
87.52
84.44
82.7
80.7
76.8
77.86
79.04
79.74
79.74
80.54
83.22
80.96
77.68
80.38
84.44
84.86
83
84.2
81.86
82.02
84.16
83.78
82.52
82.2
85.68
85.14
89.04
85.48
84.68
85.04
86.46
85
88.26
86.56
89.02
86.98
84.66
84.36
