163.04
160.7
160.2
161.72
161.56
159.48
161.68
160.38
155.26
161.9
169.6
170.6
162
158.74
163.34
160.78
167.52
163.82
168.62
166.98
170.56
173.1
176.28
170.42
173.76
174.42
171.68
173.84
175.14
169.48
165.38
164.36
165.28
165.06
166.16
164.8
169
168.04
165.68
163.38
158.58
157.82
159.22
158.58
152.78
147.36
149.1
156.14
157.48
157.24
157.86
164.76
159.8
161.1
159.16
165.82
174.4
173.76
169.72
171.42
173.76
172.98
170.08
167.68
166.86
165.78
164.22
164.38
165.16
162.16
162.88
162.54
163.4
165.56
171
168.86
169.82
167.94
168.04
164.46
164
154.32
152.34
148.38
148.14
154.56
153.02
153.62
154.48
150.4
146.56
150.02
149.24
157.72
157.8
159.36
158.88
158.38
159.88
158.36
