95.05
95.55
99.8
98.1
99.96
96.6
94.1
95.75
98.2
96.81
81.5
82.3
82.85
82.1
80.3
77.68
77.8
78.1
80.1
81.1
85.9
87.2
85.9
87.2
88.3
89.9
88.8
90.18
89.89
90.51
89.66
88.66
87.82
88.81
88.24
86.43
85.38
85.24
83.54
85.12
82.75
81.14
82.36
82.45
81.94
88.86
88.65
89.12
90.03
89.71
87.03
87.02
88.33
88.45
88.62
88.05
87.55
85.39
85.37
85.26
85.4
82.99
83.56
84.55
81.58
82.23
81.88
81.78
82.74
82.36
84.07
86.16
88.56
85.9
80.78
80.23
79.75
78.88
79.56
78.72
79.94
80.54
81.09
80.79
81.87
82.99
83.65
84.34
82.75
83.52
85.12
84.92
83.13
83.17
80.99
79.73
80.68
83.05
84.5
84.05
