18.988
18.83
18.946
19.076
19.032
18.762
18.392
17.946
18.244
18.098
17.324
15.714
15.716
15.476
14.9
14.328
13.77
13.656
13.772
14.21
14.646
14.942
14.712
14.9
15.052
15.69
15.204
15.152
15.938
15.968
16.282
16.2
16.242
15.976
16.268
15.954
15.654
15.668
15.806
15.718
16.102
15.538
15.84
15.814
15.608
15.954
16.676
16.848
17.088
17.242
17.256
17.292
17.41
16.914
17.332
17.214
17.334
17.314
17.092
17.12
17.524
17.404
17.652
17.626
17.556
17.206
17.388
17.598
17.344
17.382
17.584
17.672
17.982
17.848
17.374
17.064
17.012
17.676
17.504
17.34
16.862
17.194
17.832
17.89
17.734
17.904
18.14
18.3
18.5
18.5
18.36
18.742
18.65
18.552
18.506
18.246
17.906
18.232
18.446
19.232
