18.524
18.182
18.606
18.394
18.598
18.18
18.212
18.704
18.636
18.174
17.574
17.268
17.074
17.112
16.748
16.582
16.492
16.524
17.194
17.408
17.722
17.774
17.844
17.71
17.842
18.054
17.996
18.27
18.24
18.254
18.36
18.164
18.246
17.91
18.204
18.28
18.074
18.214
18.26
18.714
18.658
18.744
18.694
18.55
18.568
19.316
19.292
19.714
19.412
19.038
18.846
18.484
18.682
18.994
18.53
18.362
19.6
19.722
18.958
19.206
19.096
19.304
19.034
19.366
19.164
19.25
19.834
19.9
20.325
20.14
20.185
20.46
20.15
19.896
19.562
19.894
19.748
18.926
18.856
18.394
18.512
18.908
18.998
19.158
18.798
19.146
19.3
19.444
19.926
19.738
19.288
19.446
18.922
18.958
18.65
18.546
18.7
18.422
18.418
18.23
