41.565
40.885
40.87
41.08
40.99
40.625
40.005
39.63
41.035
42.24
39.21
33.22
33.8
33.21
33.095
31.07
29.795
29.235
29.715
31.43
32.875
33.57
32.65
32.705
33.17
32.05
32.125
31.725
32.6
32.24
33.47
33.645
33.795
33.16
33.08
31.39
30.34
30.585
30.9
31
31.89
30.12
31.085
31.465
32.215
32.365
34.78
35.365
35.7
35.8
36.67
36.27
37.005
36.73
37.51
37.58
36.935
35.805
36.32
38.005
38
36.145
36.935
36.655
36.095
35.495
35.865
36.66
35.885
36.625
36.565
37.57
37.88
37.55
35.8
35.605
35.535
35.97
36.11
35.52
34.265
34.395
35.545
36.41
36.74
37.385
37.49
38.03
38.19
38.065
38.445
38.79
38.585
37.62
37.175
35.8
36.24
36.36
37.2
37.565
