292000
271000
271000
271000
271000
271000
271000
271000
271000
271000
271000
271000
271000
271000
271000
271000
271000
271000
271000
271000
271000
250000
250000
250000
250000
250000
250000
250000
250000
250000
250000
250000
250000
250000
250000
250000
250000
250000
250000
250000
250000
250000
250000
250000
250000
250000
250000
250000
250000
250000
250000
250000
250000
250000
250000
250000
247000
250000
250000
250000
250000
250000
250000
250000
250000
250000
247500
245000
245000
245000
245000
245000
245000
245000
245000
245000
245000
245000
245000
245000
246000
246000
246000
246000
246000
270000
270000
270000
248000
248000
248000
248000
248000
240000
240000
240000
240000
240000
240000
240000
