52.39
52
53.09
54.01
54.77
53.43
53.1
54.46
54.28
54.67
53.92
54.49
56.17
52.53
50.84
50.04
49.435
49.27
49.8
50.07
51.27
51
50.88
51.22
51.97
52.44
51.72
52.2
52.21
52.37
52.51
52.42
50.92
49.75
50.16
50.66
51.09
51.36
51.52
50.72
50.71
49.87
50.51
49.61
48.975
50.02
50.03
50.48
50.32
50.11
49.775
49.785
49.895
50.59
50.67
51.6
51.84
50.8
52.17
51.85
52.97
52.22
53.17
52.66
52.47
52.21
53.38
52.57
53.71
54.22
53.17
54.09
54.18
51.9
52.08
51.87
50.23
50.34
50.49
49.235
49.82
50.03
50.64
49.68
50.34
51.9
51.26
51.84
52.02
52.33
51.64
51.92
50.83
51.43
50.74
51.4
53.18
53.48
53.22
52.83
