15.786
15.756
15.42
15.67
16.144
16.072
16.22
16.45
16.486
15.966
15.636
15.646
15.704
15.064
14.846
14.41
14.546
14.72
15.168
14.962
14.938
14.876
15.15
15.298
15.56
15.704
15.3
15.862
15.9
16.004
16.018
15.74
15.636
15.732
16.106
15.99
15.96
16.156
16.01
16.256
16.228
16.038
16.422
16.256
16.358
16.684
16.718
16.784
16.666
16.598
16.542
16.574
16.598
16.744
16.26
16.572
16.85
16.342
16.67
16.59
16.886
16.972
17.086
16.98
16.98
17.1
17.466
17.2
17.432
17.174
17.478
17.884
17.718
17.37
17.332
17.25
17.568
17.63
17.718
17.192
17.02
17.194
17.816
17.446
17.474
17.666
17.93
18.186
18.426
18.304
18.182
18.234
17.688
17.914
17.702
17.876
17.896
18.174
18.284
18.168
