98.84
98.34
99.82
99.64
99.88
98.32
97.92
99.88
99.74
98.68
95.96
97.22
96.76
98.38
97.26
95.16
92.66
91.16
93.38
95.02
97.94
95.88
97.76
99.64
107.15
107.25
106.45
108
106.55
107.55
109.4
111.45
105.1
105.15
103.45
102.55
103.75
104.35
103.05
104.35
101.15
101.2
103
102.45
101.25
105.05
105.7
105
103.2
103.65
102.9
102.85
103.35
105.2
103.25
106.55
107.45
103.2
103.4
104.6
105
105
106.2
105.65
104.05
104.1
105.05
104.9
105.35
105.45
105.9
107.3
109.6
107.9
105.05
106.1
105.25
105.8
105.55
102.95
104.35
105.9
107.15
107.25
109.25
111.05
111.3
110.55
110.15
108.5
108.1
108
105.25
105.6
104.3
102.7
103
105.2
106
107.1
