278.1
282.3
284.85
279.9
286.35
279.05
279.65
285.55
287.2
292.6
264
268.5
264.65
254
252.45
243.7
251.65
252
266
267.65
278.7
279.7
279.85
281.45
284.5
292.55
288.15
292.7
297.85
300.15
296.65
295
292.25
292.25
289.8
290.05
293.3
291.35
288.3
290.55
283.85
280.5
282.6
281.55
274.4
286.65
290.1
288.9
288.5
284.3
281.7
287.1
287.5
282.95
283
278.5
292.55
303.75
297.2
303.85
301.95
303
294.7
290.3
288.8
286
282.05
278.15
273.7
277.85
272
279
276.35
280.45
277.25
275.9
276.1
274.35
266.9
264.8
261.9
260.75
263.2
263.8
260
266.45
271
270
269.45
271.75
262.25
263.1
266.5
255.75
262.7
259.6
257.25
262.65
269.45
270
