22.535
22.52
23.335
23.23
23.31
22.81
22.52
23.315
23.26
22.78
20.685
20.825
20.42
21.215
20.805
20.155
20.03
20.055
20.305
20.55
21.08
20.89
20.375
20.335
20.415
20.735
20.35
20.44
21.4
21.595
21.47
21.195
21.1
21.205
20.845
20.54
20.48
20.48
20.15
20.72
20.03
19.91
20.455
20.505
20.555
21.365
21.385
21.605
21.345
21.765
21.41
21.455
21.515
21.795
22.35
21.945
22.345
21.88
21.385
21.565
21.94
22.08
21.705
21.985
21.365
21.49
21.215
21.4
21.56
21.86
22.395
22.21
22.85
23.24
22.7
21.565
21.66
21.345
21.225
21.345
20.805
21.12
21.22
20.625
20.5
20.96
20.925
20.81
20.925
20.54
20.57
21.03
21.355
21.045
21.18
20.445
20.035
20.03
20.415
20.96
