409.9
409.15
406.9
405.9
405.45
407.3
415
411.55
407
415.35
428.8
433.9
426.9
419
413.8
411.4
412.85
414.75
408.7
408.85
409.25
409.3
415.8
444.45
452.3
460.15
461.75
474.05
466.2
460.15
456.35
447.1
450.5
434.2
436.25
438.7
433.6
425.3
418.1
414
410.65
407.5
410.95
412.35
401.9
393.3
399.9
417
415.55
405.5
408.6
419.3
428.7
433.5
431.65
421.65
445.6
460.1
457.9
435.4
442.7
453.05
447.85
416.15
410.1
418.65
418.95
411.25
410.4
404.2
408.1
406.1
405.45
407.05
411.75
425.3
425.25
424.15
429.5
423.95
416.3
410.75
416.1
421.2
412.6
416.75
419.5
424.45
430.5
432.95
432.1
451.05
452.3
453.05
501.5
466.35
442.15
436.7
440.35
441.5
