112.52
110.82
112
110.26
108.8
108.16
107.28
108.92
108.68
111.8
108.76
109.32
109.56
106.54
105.1
103.42
105.5
104.78
108.66
107.64
109.26
109.48
109.1
109.38
109.5
109.08
109.26
109.24
109.9
110.24
109.96
110.52
110.34
109.74
108.98
107.08
107.56
106.78
107.22
107.08
106.42
107.1
109.72
97.24
96.42
98.57
100.1
100.76
100.78
99.69
99.62
98.31
95.91
95.63
94.34
95.88
97
95.55
92.65
93.55
94.64
94.22
94.44
94.26
91.97
90.58
91.05
90.34
89.21
90.05
89.7
88.1
89.13
90.03
84.87
84.71
84.87
82.61
84.33
81.59
82.23
82.5
83.31
83.69
84.75
86.12
85.08
85.82
84.04
84.26
85.25
85.74
85.16
86.87
85.79
85.82
86.56
87.83
88.31
86.93
