121.9
120.68
122.72
122.24
122.34
121.12
121.76
122.8
119.12
119.32
117.28
117.32
119.36
118.12
116.38
114.26
114.68
114.7
117.94
115.76
117.68
117.64
117.64
118.42
120.22
121.3
120.44
121.36
121.84
120.76
117.38
117.1
115.9
116.74
116.78
117.82
118.52
117.62
117.66
117.68
113.04
112.72
112.12
112.58
110.54
111.38
113.12
115.08
115.3
115.36
114.14
115.3
116.26
115.22
117.38
116.22
119.1
120.18
116.6
118.16
117
117.32
115.72
115.66
117.38
115.42
115.02
115.78
116.18
116.9
116.56
116.82
116.3
115.36
114.5
114.34
114.44
114.82
116.98
117.34
115.62
116.32
117.66
117.64
116.42
117.52
117.64
116.3
116.9
115.96
117.1
117.08
119.02
119.46
121.16
117.18
117.26
118.06
118.16
118
