60.3
59.74
57.83
55.77
54.4
54.61
55.52
55.15
57.2
54.84
53.85
52.65
53.9
53.51
53.29
52.68
53.22
53.68
53.77
51.95
51.22
49.845
49.69
50.09
49.47
48.715
48.36
47.17
48.66
49.35
50.5
50.51
50.63
50.58
51.12
51.66
51.49
52.51
51.68
52.44
53.08
52.27
52.38
51.49
51.8
51.95
51.08
51.64
51.92
51.91
51.51
52.56
52.28
52.34
52.49
54.27
54.83
55.38
55.85
54.24
53.96
52.06
51.88
52
51.35
50.36
52.76
52.63
51.8
52.35
51.77
52.46
51.3
52.78
52.04
53.01
53.09
53.09
52.76
52.45
52.6
53.42
52.48
52.26
51.71
52.4
54.73
52.81
53.35
51.09
51.64
52.81
52.69
53.06
52.2
53.02
52.97
53.69
54.83
53.85
