119.75
120.7
118.75
117.3
117.8
117.25
117.45
117.55
118.75
119
118.75
113.45
113.45
112.15
110.95
108
104.3
102.3
102.95
106.75
106.85
110.25
108.3
105.9
107.8
103.7
108.65
108.35
111.55
111.1
110.35
108.65
107.6
107.6
107.2
107.4
106.75
106.3
105.9
108.9
106.7
102.75
103.45
103.2
101.7
100.85
104.6
106.8
107.2
107.8
107.5
106.6
106.4
103.2
105.6
105.8
106.85
106
103.55
104.35
104.95
107.3
108.1
107.1
105.2
102.95
103.1
104.45
103.1
103.3
102.7
105.15
105.05
104.45
102.4
102.3
101.75
101.8
100.1
101.65
97.16
99.7
102.8
99.6
100.65
99.7
100.6
100.85
101
101.15
100.35
100.6
101
96.4
98.28
96.4
97.72
97.72
97.9
98.56
