23.88
23.86
24.41
24.49
24.59
24.33
24.135
24.45
24.445
24.105
23.105
23.41
23.29
23.655
23.695
23.03
23.04
22.7
22.785
23.04
23.655
23.745
22.465
22.63
22.955
23.485
23.29
23.45
23.62
23.85
24.05
24.205
24.485
24.565
24.255
24.34
24.3
24.235
24.01
24.42
23.95
23.9
24.29
24.355
24.23
24.54
24.66
24.78
24.625
24.63
24.57
24.54
25
24.725
25.205
24.96
25.06
25.11
24.655
25.025
25.145
25.3
25.155
25.35
25.435
25.11
25.075
25.085
25.065
25.18
25.425
25.33
25.62
25.855
25.565
25.14
25.24
25.13
25.595
25.26
24.815
25.115
25.025
25.27
24.97
25.525
25.7
25.89
26.43
26.13
26.45
26.575
26.295
26.245
26.275
26.35
26.12
26.69
26.905
26.825
