414.65
427.8
390
370.25
342.75
343
352.6
351.85
343.4
371.8
362.9
365.45
361.9
361
339.9
335.35
354.5
349.9
357.45
351.2
347.45
366.3
361.2
358.25
373.95
380.55
383.05
392.25
379.75
374
366.8
365.5
356.7
353.1
359.8
366.3
374.6
364.4
361.35
361.3
350.7
337
333.95
360.05
367.55
371.9
363.8
379.75
376.35
338.5
312.95
326.7
298.55
332
327
351.3
357.8
409.75
402
1915
1903.2
1787.2
1685.8
1690.8
1744
1675
1595
1583.8
1489.6
1399.2
1376.6
1268
1198.2
1205.6
1248.4
1261.8
1246
1253
1270
1251.2
1270
1294.2
1321.6
1213.4
1228.6
1371
1371.2
1409.4
1308.4
1316.4
1300.2
1301
1344.8
1547.6
1245.6
1217.4
1229
1246.4
1177.8
1072
