283.5
284.5
295.45
296.5
301.3
301.1
303.2
300.5
296.2
302
295
302.3
301.95
274.15
266.5
263.65
260.4
264.7
270.8
272.6
279.9
274.8
273.2
275.9
278.35
281.5
277.25
275.6
282.4
281.3
276.25
274.8
274.5
270.1
269.45
267
265.9
264.95
257.7
261.9
255.25
249.1
251.5
251.5
249.95
260.2
259.25
262.55
262
260.9
255.5
261.7
265.85
260.55
264.25
261.65
268
268.2
262.6
265.2
263.05
264.6
258.6
262.7
263.6
265.3
265.2
268.3
267.85
271.7
273
270.35
272.8
274.4
270.25
269.75
262.85
261.1
262.1
258.15
254.7
257.3
254.4
254.65
254.1
259.2
265.8
261.7
266
265.4
268.9
270.2
268.1
265.85
260.3
254.85
256.15
262.6
268.1
267.35
